5988 5.73166666666
5983 6.52
5980 5.92
5981 4.94055555556
5986 6.05336378738
5987 6.82
5985 3.46
6796 5.44
6794 5.71071428571
6795 6.395
6792 5.70742857143
6793 6.69
6790 4.89
6791 6.25452222222
6799 6.075
270 5.89226666667
271 6.38238095238
274 5.2476
9258 5.89420238095
9259 5.965
9256 6.882
9257 6.21731407828
9254 6.58333333334
9255 6.42133333333
9520 5.13633333333
9253 6.425
9522 6.67333333333
3519 6.6827
3516 7.4
3514 5.55944444444
2688 6.06637761686
2689 5.9571261028
2684 6.29555555556
2685 6.10133333333
2686 6.15771908369
2687 6.23498984555
2680 6.66
2682 5.57333333334
2683 5.91333333333
99 6.23
98 6.24
94 6.76
97 6.02044444445
96 6.25333333333
1172 5.18756302521
1170 6.985
7180 6.04146783626
7181 6.07509803922
7182 6.522
7183 6.11523809524
7184 5.49844444444
7185 6.19667366947
3435 5.64791666667
8019 7.92
8017 5.685
8544 7.26
8015 5.83553571429
8014 5.58080059524
8541 6.48891348812
8012 5.85322916667
8011 6.47947330447
8542 6.44323188406
7456 5.66066666667
7457 6.244
7454 5.88785483125
7455 6.00814285714
7452 5.0497979798
7453 6.35863819444
7450 6.02685416667
7458 6.6
7459 7.68
2749 6.18769400353
4845 5.99238383838
6536 6.60166666667
8290 6.46357142857
8293 6.46
6535 6.53265277778
4842 6.0360652381
4843 6.51896296296
8294 6.94629761905
391 5.98
397 6.325
396 7.07
395 7.44666666667
394 5.46333333333
398 6.265
2309 6.40666666667
2308 6.12780952381
4729 3.86
4728 5.95433333333
4725 6.81
4724 2.52
4727 6.00333333333
4726 6.4856
4720 5.7425
2307 5.04975
4722 6.22259090909
5847 6.16366539903
5846 5.89918777056
5845 6.05308730159
5844 5.9759047619
5843 6.83997023809
5842 5.07414965986
5841 5.07
5840 6.8
5849 5.79125
5848 6.1772205362
3748 6.50484403037
3749 5.75558333333
3746 6.34115079365
3747 5.27291666667
3745 6.395
3742 6.64
4623 6.51777777778
4624 7.02622222222
4625 4.54
4626 7.172
4627 5.41677777778
4628 6.74230952381
4629 6.12
178 6.88
174 5.91722222222
173 6.34519538068
172 6.18164640324
171 6.12105555555
170 5.71
7218 6.32777777778
7219 5.2025
7210 5.635
7212 5.765
7213 6.38
7217 5.47666666667
6216 7.024
6215 5.83429166667
6214 6.00733333333
6213 6.54833333333
6219 6.78
6819 4.44
9757 5.73833333333
9756 7.18833333333
9755 6.72
9753 6.41186952381
9752 6.627
9751 6.55333333333
9750 6.56557703081
9759 7.66
9758 5.508
8849 6.4355026455
8840 5.87336694678
8841 6.16841666667
8844 5.73811111111
7669 6.05882051282
7668 6.02249918723
7661 6.11245702561
7660 5.95688888889
7663 6.794
7662 6.28784761905
7665 6.21365079365
7664 6.16055555556
7667 5.8382967033
7666 6.24182222222
1768 6.53620796537
1769 6.02
1762 6.12333333333
1767 5.33208333333
1546 6.685
1547 6.07488888889
1545 5.6375
1542 6.6175
1543 5.58888888889
695 6.448
8710 6.595
8711 6.00703703704
8712 5.73761904762
8713 6.57
8716 5.94375
8718 6.7745
8719 5.99
5610 4.5
5616 7.1
9524 6.29
9525 6.42
9252 7.12388888889
9521 5.66
9250 4.47333333333
6779 6.48425925926
6774 5.9498287037
6775 6.01145925926
6776 5.9828
6777 6.24081043758
6770 6.03577927928
6771 6.16198712999
6772 6.91110144928
6773 5.89638095238
9965 5.9375
9966 6.05536192965
9967 5.86993939394
9960 5.255
9961 7.1
9968 5.122
252 6.24
251 6.96
9500 6.0416
9506 7.4
9504 6.63684126984
9505 7.048
3683 5.81
3682 6.44
3681 4.85166666667
3680 6.108
3686 6.64944444444
3685 6.72666666667
3684 6.255
2514 5.54666666667
2515 5.98341666667
3531 6.67412585034
3530 6.56785714286
3533 6.16102554563
3532 6.4355625
3535 6.29833333333
5059 6.1000412574
3536 6.07083333333
5054 5.9767403205
3538 6.2449782681
5056 6.30886048797
5057 5.753125
5050 6.01452087866
5051 6.06760492853
5052 6.16587235074
5053 6.25040455576
1155 6.24
1157 6.55
1151 5.97435077533
1150 6.2175
1153 7.30333333333
1152 6.56
8035 6.81866666667
8034 6.73671428571
8031 5.34666666667
8030 5.78666666667
8033 6.0698018018
8528 6.38277777778
8523 5.5875
8522 6.78833333334
8520 5.98002380952
8525 6.74666666667
6938 6.04555768827
4295 6.27333333333
4294 3.08
4293 5.844
4749 6.11208738095
4748 5.90839806548
4743 6.2236022409
4742 5.87384920635
4741 6.14745833333
4740 5.96886834734
4747 6.11035294503
4746 5.8248
4745 6.20080952381
4744 6.50652777778
5869 6.19126502268
5868 6.32201000217
5865 6.30719338252
5864 6.09814603518
5867 6.16362650993
5866 6.06253147503
5861 6.44915377083
5860 6.32213784271
5863 6.29168758739
5862 6.00204194161
2182 6.33525
2181 6.68777777778
2180 6.55
2187 6.46809523809
4608 4.35416666666
4609 6.42888888889
2189 6.29216095238
2188 5.602
6907 6.41
8683 6.22
6905 6.04422539683
6904 5.61964285714
6903 2.06
8687 5.00666666667
151 6.05057142857
7583 6.74714285714
6459 6.30780682839
6458 5.87196264846
8137 6.65
6186 5.46666666667
6182 5.48973333333
6181 6.23325892857
6180 6.76325396825
6908 5.44
2727 6.79083333333
2724 5.35
2723 6.264
2722 5.15
2720 6.25625231118
2728 6.14043809524
9191 5.93936507936
7237 6.465
7946 5.61650793651
7235 3.26666666667
7940 6.5
7233 6.204
7942 6.88
9196 6.4775
9199 6.2519047619
9198 4.865
7238 6.54638888889
7239 6.3063974359
6239 5.66401234568
6238 6.06123529412
6235 6.15166666666
6234 4.45
6237 5.84081349206
6236 5.43333333333
6231 6.44
9774 6.3567037037
9777 6.19355555556
9776 6.71833333333
8865 6.56
8862 7.2
8863 5.55333333333
8860 5.64666666667
8861 7.88
8869 6.77535714286
5267 6.64703853616
5266 6.09195656014
5265 6.22134257285
5264 6.50200649351
5263 6.0321438026
5262 6.37350542244
5261 6.15028797303
5260 6.45249121614
5269 5.96021907096
5268 6.14700202285
2091 6.22071428572
4577 5.60531216931
7936 6.685
3028 6.56
3024 6.27709090909
3023 6.74
3021 6.28706666667
3020 5.94625
8738 5.89776107394
8739 6.22277922078
8736 5.78152857143
8737 6.52519642857
8734 5.609
8735 6.17634920635
8732 2.24
8730 5.57644444444
8731 6.32418333333
4196 7.175
4194 6.60953787879
4195 6.615
4192 6.76
4190 6.96666666667
5670 6.00037345679
5671 6.0227647552
5672 5.72826705277
5673 5.96349908744
5674 6.13620647321
5675 6.06426272109
5676 5.96967755102
5677 6.5038
5678 6.036
5679 5.77762698413
6437 5.82726470588
6436 6.59517857143
6435 6.41955012531
8191 6.37331601732
6433 6.95333333333
6432 5.88392857143
8194 6.04733333333
6439 6.57375
6438 6.24151395731
6758 5.88487984146
6759 6.07997685185
6752 5.94436583522
6753 6.1384486162
6750 6.32203174603
6751 6.37542606516
6756 6.30641148613
6757 6.51926825397
6754 5.9784265873
6755 5.84729166667
9940 6.104
9946 6.54555555556
9949 6.07945054945
233 4.38
4681 5.90598333333
2538 6.98
2532 7.13
2533 6.23740740741
2531 6.92666666667
2536 6.40142857143
2534 7.58
5078 5.16537037037
5079 6.0264
5072 6.58004144621
5073 6.27195915375
5070 6.04681397723
5071 6.07916263264
5076 6.04125641026
5077 6.32902006689
5074 5.96175377649
5075 6.00461904762
9563 6.29
9564 5.823
9565 5.69415343915
9566 4.78
9567 5.76333333333
9568 6.44396825397
9569 7.16
5381 6.41396485261
5382 7.62209803922
5384 4.375
5386 2.63
5387 5.66101129426
5388 6.47371428571
5389 6.34923544974
9384 6.16583333333
2411 6.28
9380 6.317
9381 5.50828571429
9382 5.526875
9383 6.1365
2413 6.4
4978 6.20835582011
2142 6.596
1130 5.63666666667
7148 6.15
7149 6.075
7144 5.83142857143
7145 5.28833333334
7146 8.42
7147 6.195
7140 6.41333333333
7141 6.49901098901
7142 5.73161208293
7143 6.33553439153
4972 6.29700945322
4973 5.83425931938
8052 5.99588280013
8051 6.435505291
8502 6.388
8057 6.34
8056 6.69444444444
8055 6.05377755578
8506 5.99333333333
8509 6.02377470558
8508 6.05533333333
8059 7.21666666667
8058 6.4825
2882 5.75711111111
2883 6.32577777778
7498 7.02
2881 6.39444444444
2886 6.04746031746
2887 6.23714285714
2884 6.62148717949
2885 6.72533333333
7492 5.13893939394
7493 5.92020855379
7490 5.36117777778
7491 6.5585952381
7496 6.21784848485
7495 5.815
6589 6.84
4761 6.11812629826
4760 6.06885050698
4763 5.75973315912
4762 6.01925565687
4765 5.9275767507
4764 5.95518811212
4767 6.24659502066
4766 5.85430677656
4769 6.19266877677
4768 5.91618160156
5808 6.38503174603
689 7.18
5800 5.32475
4888 7.12
4889 6.28353068783
2709 3.86
4880 6.51733333333
4881 6.87333333334
4885 6.48
4886 5.834
7963 7.02
7960 6.25859259259
7961 5.8840625
7966 5.81515151515
7967 6.2443447619
9179 6.82952380952
7965 6.08440740741
9177 6.84177937964
9176 4.68895238095
7968 6.24753809524
7969 3.06
9173 6.6025
9172 5.88
9171 6.41652380952
9170 6.18466666667
6259 6.32896806173
6258 5.97668095238
6253 6.17304872647
6252 6.18809759288
6251 6.21983373016
6250 6.416625
6257 6.00834345238
6254 6.77138888889
9719 6.42888888889
8016 6.79
9716 5.58875
9715 5.86459876543
3474 5.37
3475 4.739375
3476 6.91
3477 6.0885
3470 6.21676870748
3471 6.02
2410 7.13857142857
8885 6.92
8886 6.1225
3478 6.54333333333
3479 5.85875
8883 5.02222222222
8543 5.58833333333
8010 6.43067676768
5249 6.44384021802
5248 6.32912189988
5245 6.14155214101
5244 6.43298519025
5247 6.1690096505
5246 6.06398434217
5241 6.50116259735
5240 6.51303381642
5243 6.05142628205
5242 6.01499827025
7027 6.56361904762
7283 6.41
7024 6.45081632653
7281 6.1586
7280 6.35892190476
9458 6.26070476191
9459 6.23221111111
1588 4.87452380952
7285 6.31271428571
3315 6.21191136615
1580 7.4
1581 5.64
1586 6.39
1584 5.76936231884
1585 5.03
3317 6.37363441159
5480 5.7991723356
9456 5.07
5658 6.40873962257
5659 6.17431739658
5656 6.15986741363
5657 6.04700763394
5654 6.50632636469
5655 6.56214502165
5652 6.08104029304
5653 6.79011796981
5650 6.05064285714
5651 6.18166021825
6419 5.67055952381
6411 7.42
6410 6.351
6412 6.84338888889
7777 6.18
7773 6.32785714286
7772 6.04236111111
7771 6.10393555453
7770 5.5890954601
7779 6.26
7778 6.885
3912 6.66
3911 6.15333333333
6730 5.87717460317
6731 5.58113659148
8316 7.00961904762
6733 6.26666666667
6734 6.02860362812
8311 5.64333333333
8312 4.9625
8313 6.94826666667
6738 5.73099749373
6739 4.8382962963
8318 4.76666666667
8319 7.855
9928 6.79
9920 6.56985185185
9921 5.86691902927
9922 6.10925490196
9923 6.37333333333
9925 6.03709803922
214 6.22944444444
213 5.115
6088 6.60433333333
6089 6.72
6086 6.03666666667
6087 6.62666666667
6084 6.12922727273
6085 6.36888888889
6083 6.38
6080 5.20472222222
3649 5.024
3647 5.915
3646 7.25333333333
3645 6.27515306122
3644 6.19
2550 6.11
2551 6.598
2553 6.42281435571
2554 5.86378261183
2555 6.29963503163
2556 6.24
2557 4.83333333333
2558 6.42555555556
5018 6.9
5019 5.62
7792 5.06166666667
4410 5.5
9544 6.30148018648
6043 6.13428571428
7168 6.09888888889
7169 5.49666666667
7162 6.81385714286
7163 5.90323873874
7160 5.69952063492
7161 6.70962962963
7166 6.23545028011
7167 6.16445454545
7164 5.66217831715
7165 6.02412
8079 5.96950170068
8078 6.50222222222
8071 6.10402777778
8070 5.68
8073 6.09157142857
8072 5.99973333333
8075 6.45645454545
8074 5.92268347339
8077 6.56654166667
1447 6.62666666667
1446 6.35320833333
1449 6.83833333334
1448 5.30405555556
4857 6.07667296864
4853 5.76571392523
4852 6.29875025638
4850 6.0699329065
2303 6.1
6529 5.47111111111
4723 5.84416666667
4789 5.42
4788 7.08
4787 5.82166666667
2306 5.86166666667
4782 7.14
4781 5.58471768708
4780 6.70333333333
5821 6.24
5827 5.14
5826 6.18
198 6.872
197 6.35
196 6.785
9155 6.01058450047
9154 6.2875
9157 6.20603921569
9156 5.76963809524
9151 6.32378205128
9150 6.3791950938
9153 5.98888888889
9159 6.7975
9158 6.24133333333
2765 6.488
7908 5.92104761905
7909 6.04094437118
9483 5.77095238095
9482 5.645
9481 5.93355555556
9480 6.815
7904 7.59
9486 6.00625
9485 5.70626984127
7907 6.58222222222
6271 6.22030762987
6270 6.26914202172
6273 5.94985185185
6272 6.0422389234
6275 5.97332010582
6274 6.11359804558
6277 5.80604639805
6276 6.03786805555
6279 6.24046296296
6278 5.86514391534
9731 6.16
3452 5.67858333333
3453 6.31248484849
3450 6.47499675325
857 7.05333333333
850 6.429
851 6.425
3454 6.14178918651
3455 6.02701851852
3458 6.6675
858 6.515
859 5.48666666667
5223 6.6768
5222 4.76
5221 6.69133333333
5220 7.62
5227 7.05666666667
5226 3.06
5225 6.24933333333
3066 6.87
3065 7.02
3064 6.34484126984
495 4.945
496 4.575
497 5.0
8216 5.87466666667
6479 6.6
6478 6.05611111111
6473 5.78972517007
6472 5.95298205128
6471 6.16592063492
6470 6.24248979592
6477 6.06743471861
6476 6.05988163163
6475 6.05478361345
6474 5.70507444407
7759 5.84687769022
7758 5.39833333333
7755 6.22143939394
7754 5.79966946779
7757 5.11
7756 6.04
7753 6.34447619048
7752 5.97685
3939 5.68797119022
3938 6.22
3935 6.45066666667
3934 6.35208333333
3937 5.61933333333
3936 5.824
3931 6.82
3930 5.9581025641
9244 6.24
8332 6.6452
8333 7.19
8336 5.9417979798
8337 7.05833333333
8334 6.59
6719 7.48
8338 6.0
8339 6.81875
9906 6.64428571429
9904 6.37833333333
9905 6.62833333334
9902 7.27428571429
9903 6.6905
874 6.5575
4044 5.51848571429
4045 6.27725181818
4046 6.13960971055
4047 6.10377777778
4040 5.75974216028
4041 5.92155538302
4042 6.19432418574
4043 6.5671187384
4048 6.05987019689
4049 6.28139434227
3665 5.93539271284
3664 6.22044649315
3667 6.71777777778
3666 5.90191798942
3661 5.53817283951
3660 6.41588333333
3663 6.2093
3662 5.66222510823
3669 6.2771016791
3668 6.04918367347
5582 5.80666666667
2578 5.19
2577 6.56
2572 6.84
3593 6.49066666667
3592 6.87333333333
5038 6.77861111111
5039 5.7625515873
5037 6.91
3599 6.01418055556
5035 5.71732142857
5032 6.14925396825
5033 5.165
4435 6.43
4436 5.53666666667
4430 5.214375
4432 6.036
4439 5.664125
4438 6.47333333333
974 6.37833333334
973 6.54
972 3.02
971 6.42870588235
8927 6.08833333334
8926 6.87333333333
8925 6.07559183673
8924 3.86
8923 5.20948148148
8922 5.87268944099
8921 6.88520833333
8929 6.055
7102 6.48
3385 6.2332305038
7104 6.3
7105 6.03333333333
7106 6.86488095238
1683 7.036
6484 6.30266277974
1684 6.125
1469 6.72
1468 6.755
1464 6.22
7287 4.83
1461 6.53904761905
4239 6.23424242424
4238 6.45014746544
4237 6.09277777778
4236 6.04388888889
4235 6.01166666667
4234 7.53
4233 4.95
4232 3.74
4231 6.28576714514
4230 5.56152594628
5591 6.01411111111
5590 5.28
5592 6.58376623377
5595 6.43125
5594 6.41875
5597 5.26718518518
5596 6.22398148148
5599 6.49616666667
5598 6.3725
319 6.11
8698 7.28
2291 6.05643462559
2290 5.73648469388
2295 6.34
8127 5.052
8125 5.562
6939 5.85607142857
8691 6.22987528345
8693 5.8980138131
8692 5.80357142857
7926 5.56166666667
7927 6.15833333333
7924 5.38366666667
7925 5.987
7922 6.648
7923 5.93
9135 5.77398412698
9134 5.99449404762
9139 6.64
9138 5.90268622206
6298 6.04308928571
6296 6.6410329087
6295 6.16015871051
6294 5.85466666667
3438 6.1535
4936 5.91206349206
3430 5.7898
3431 6.43883333333
3432 3.99333333333
3433 6.22432323232
3434 6.11983333333
873 6.38
3436 7.595
4592 5.36571428571
2740 5.8129021164
4590 6.18543209877
4591 6.404
4848 6.17258935574
4849 6.21673038229
2747 6.8425
4844 5.93763636364
2748 5.37191287879
4846 5.64599480519
4847 6.40769467787
4840 6.325
4841 6.53077083333
2039 6.306
2038 5.19444444444
5200 5.91590756303
3049 6.72
3041 6.75916666667
3040 6.84035714285
1094 5.53
1097 5.40625
1098 5.856
1099 6.23604166667
6451 6.79831746032
6906 6.34
8680 6.61
6452 6.62666666667
8686 4.759
8139 6.20222222222
6457 6.16789888889
6456 6.31031746032
8134 6.45546320346
8135 6.39409090909
8688 6.8475
8689 5.685
8130 7.58
8131 3.9
8132 5.844
8133 6.01915688088
7739 7.16
7738 5.832
7733 6.74555555556
7737 6.624
7736 6.46333333334
3959 6.23051020408
3958 5.87999615975
3953 6.03653439153
3952 6.35408705357
3951 6.37589115646
3950 5.93562820513
3957 6.19898993672
3956 5.70317063492
3955 6.40266666667
3954 6.04772109648
8351 5.46133333333
8352 6.3074
8354 5.88444444445
8355 6.06
4062 6.01318494898
4063 5.97261403509
4060 6.4755
4061 5.98474603175
4066 6.43
4067 6.26207692308
4064 6.12952351003
4065 7.40857142857
4068 6.25144331066
4069 6.06387814837
5786 5.55796296296
5780 6.19095192744
5781 5.94633333333
5783 6.82
5788 6.43916666667
5789 6.28
3600 6.84565079365
4453 6.33992349543
4452 6.05338323841
4451 6.28481514914
4450 6.31497488226
4457 5.87393298969
4456 6.04635683841
4455 6.20402139037
4454 6.51374483396
4459 6.06666696979
4458 6.01544964956
951 6.94666666667
953 6.5605
952 6.18222222222
955 6.484
956 4.66833333334
6334 3.991
6335 6.23435978836
6336 6.25376190476
6337 6.03017392773
6330 6.35833333333
6331 6.86984126984
6332 6.6
6338 5.82585809524
6339 5.87366666667
9676 5.42666666666
9677 6.23410984848
9672 6.55773333333
9673 6.28708465608
9678 6.48153846154
8901 5.80804166667
8900 6.54527777778
8902 6.475
4969 6.03147971781
7128 6.25531912145
7129 6.58
7126 5.74944444444
7127 6.05211111111
7124 6.41666666667
7125 6.52
7123 6.32
1669 6.575
1668 5.45888888889
1667 6.48726666667
1666 6.5
1665 6.94666666667
1663 6.3964
1662 6.69112380952
1661 6.08865432099
1660 5.77785107115
593 6.30485714286
4076 6.57536796537
595 4.78
596 5.63142857143
2825 5.79916666667
2826 6.70638888889
2827 6.49428571429
2820 5.55302325581
2821 5.005
2822 4.67
3386 5.62040636098
3387 5.91677083333
3384 6.12038888889
5417 6.26528312629
3382 3.86
3383 6.29953333333
3380 6.04947727273
3381 6.53083333333
5418 5.92866666667
5795 6.52666666667
3965 6.56021212121
3963 6.02836245174
692 5.07833333333
4210 6.04333333333
693 6.78
3961 6.23222452356
7952 5.71332738095
697 7.66
1492 5.96416666667
5579 6.4087254902
5578 6.03751449275
5577 6.618
5576 6.28330981775
5575 6.08597540984
5574 5.74974305556
5573 5.8480077381
5572 6.23422148394
5571 6.40124489796
5570 6.13372186147
3968 6.30589619224
3265 6.50833333333
3969 6.03549804305
1493 5.912
335 6.88
334 6.6775
333 6.28
3269 6.01833333333
5125 6.4375
1497 5.9525
6107 6.40239285714
6106 7.76
6105 6.8
6104 7.05071428571
6101 6.80293333333
6100 5.68
9119 6.83383516484
9118 6.06574747475
9449 6.32095238095
9448 6.432
9111 6.31985185185
9446 7.045
9113 6.75
9112 6.02859803922
9115 5.91
9114 5.96416666667
9117 5.52666666667
9116 5.43197530864
3416 5.9975
3415 6.81011111111
3413 6.46066666667
4868 6.09505747568
4869 5.88603668763
4862 6.33153905832
4863 6.11297561675
4860 6.18025756552
8537 5.52063492063
4866 6.12356102999
4867 5.95932775633
4864 5.92577777778
4865 5.97764792899
7018 6.24017261905
9445 6.065
9444 5.72
9443 6.39733333333
1348 6.6018452381
459 6.76
4468 6.05951893287
450 7.08
1342 6.88833333333
1347 6.20439393939
8118 6.581875
8119 6.05794444444
6929 6.0285
6928 5.80504761905
8112 5.74947619048
8113 5.953125
8110 5.405
6926 6.40008791209
8116 6.41777777778
8117 5.36243589743
6923 3.48
8115 6.02275641026
7710 6.16341666667
7712 5.39221052632
7719 6.14942857143
8376 6.14722222222
8377 6.47266666667
8374 6.80202946389
8375 6.2125547619
8372 6.84838888889
8373 6.97858250623
8370 6.03142857143
8371 6.66
8379 6.20367724868
4008 7.265
4001 3.94
4005 6.1
4007 7.00666666667
3971 6.18366018975
3970 6.14299365079
3973 5.91658219955
3972 5.94973977196
3975 6.1883982684
3974 5.71881481482
3977 6.56666666667
3976 6.0883537415
3979 6.84
3629 6.12040832933
3628 6.28416666667
3621 5.467
3622 6.72571428571
3625 6.86
3624 6.43333333333
3626 6.59720408163
4479 6.25313932981
4478 6.582
4471 6.44349156661
4470 6.04620385233
4473 4.73603174603
4472 5.89434126984
4474 5.55
4477 6.2379047619
4476 6.98666666667
2466 5.29714285714
8147 4.67
6318 6.824
6319 6.88
9652 6.57333333333
9650 2.5
9651 5.785
9656 2.99
9657 5.745
9654 6.59
9655 6.17605555556
9304 5.38857142857
9305 6.58
9306 5.72666666667
9300 5.9229639671
9302 7.045
9303 5.564
7684 6.35592592593
8969 4.6604047619
8968 4.84
8962 7.22
8961 6.89358333333
8960 5.906
8965 6.36
1645 6.59633333333
1644 6.80477142857
1647 6.05427122153
1643 6.51
1642 6.29238095238
1649 5.03666666667
1648 6.52784126984
792 5.71714285714
573 7.08
570 6.86
2802 6.68363636364
2803 6.34
2801 6.2140617284
5432 6.50616666667
1420 4.55333333333
5431 5.545
3368 6.18077845036
5437 6.44568627451
5434 6.37695168067
5435 5.89
3364 6.05752506266
3365 6.10385170488
3366 6.374
3367 6.59188888889
3360 4.19666666667
3361 5.4296
4273 6.81
4272 6.32556547619
4271 5.94931944444
4270 6.23658333333
4277 6.04791666667
4276 6.26
4275 5.24666666667
4274 6.93183333333
4279 6.15135042735
4278 6.872
5555 6.34968220339
5554 6.74952263374
5557 6.33758289546
5556 5.7770467033
5551 6.17712962963
5550 6.40222815534
5553 6.24555339105
5552 4.985
5559 6.41830586003
5558 6.26801360063
4861 6.13075239081
8589 6.43551515151
8588 6.38783333333
8584 6.044
8587 6.25091329966
8586 3.9525
5881 6.324
5880 5.95444927338
5886 5.84416666667
5885 5.365
5884 3.86
6554 6.10950719823
6555 6.33582154882
6556 5.82797783251
6557 6.11880711881
6550 5.99385714286
6551 5.69711111111
6552 6.17555555556
6553 5.94642657781
6558 6.03461150704
6559 6.08814559387
9887 4.9225
7505 5.67
7506 5.96777777778
7507 5.63714285714
9883 6.16443694629
9882 6.3825
351 6.01286437794
7503 6.48
7508 5.19272727273
358 7.68666666667
6121 6.525
4633 6.33305555556
2191 5.95889455782
2193 6.31992063492
2257 4.31
2194 5.70666666667
2255 6.6962585034
2254 6.64214419852
2253 6.76223916784
2252 6.32285714286
4636 6.53538461538
2785 6.85704761905
2784 6.513
2787 6.52438087361
2786 6.03968253968
2781 6.31575
2780 6.46
2783 5.9147285571
2782 6.18347619048
2789 7.432
2788 7.00444444444
9465 6.63095238095
2079 7.16
9466 6.33657352941
2073 4.57
9469 5.86839496204
9468 5.92167242063
2075 4.928
2074 6.09184210526
8790 6.20083333333
9790 7.24
9797 6.55
9799 5.69285714286
9798 5.15786666667
8791 5.49884693878
7081 6.24301932367
7080 6.39378411464
7083 6.23
7082 5.75785714286
7085 5.40102219835
7084 5.6847037037
7087 6.38577805051
7086 6.32155555556
9806 6.07216666667
9805 6.18564448514
8170 6.465
8171 6.29816137566
8172 6.88540572344
8173 6.02452012472
8174 6.10958333333
8175 6.24616666667
6493 6.226
8177 6.62
8204 6.25888888889
9803 6.594
6499 6.064
6949 5.89925977257
6948 6.0311110119
6943 6.34250129236
6942 6.06857142857
6941 3.86
6940 5.65659090909
6947 5.71098496241
6946 5.98355555556
6945 5.98445238095
6944 5.75185795686
8394 6.25
8396 4.45
8390 6.67670833333
8391 5.71444812993
8392 6.15889241623
8393 6.49833333333
4395 6.32
1366 3.86
3195 6.88512820513
3194 6.28285714286
3193 3.956
3192 5.73076923077
3191 5.21541666667
3190 7.196
1368 7.16
3198 5.55
4026 6.29214285715
4025 6.45888888889
4022 6.81333333333
4029 6.5323
3995 6.59333333333
3994 6.78
3993 4.51
3992 7.08
3991 6.475
296 6.99
297 6.925
2442 5.47240563627
2440 6.29977777778
2441 5.5555
2446 6.20952941176
2447 6.23974437831
2448 5.86667857143
2449 5.68833333334
7867 6.02297222222
7866 5.97684353741
7865 6.25375
7864 6.21333333333
7862 6.35206641124
7861 6.27427272727
7860 6.51458333333
7869 6.69932142857
7868 6.17593149541
6378 6.14628899836
6379 5.83875
6370 6.15131899642
6371 5.99209344115
6372 6.32874072444
6373 6.24427936508
6374 5.73948476569
6375 5.63613157125
6376 5.63838186078
6377 6.04626676169
9322 6.328
9631 5.93111111111
9320 6.52354166667
9321 5.5775
9634 5.54666666667
9324 6.48
9325 6.53388888889
8941 7.36
8940 5.87462585034
8945 6.425
8944 5.62761904762
8947 6.20207482993
8946 6.36383746032
8949 7.92
8948 6.56
1991 6.50497899159
1990 6.36126666667
5180 5.94225252525
1992 6.77611111111
5186 6.845
1994 5.34
3200 5.675
5188 5.77
5189 4.74
5058 6.08583333333
3534 7.0972
2862 7.2
2865 6.10983333333
5055 6.1417901729
5458 6.46192025512
5459 6.2358296047
3348 6.03360784314
3349 6.622
5450 6.9125
5451 6.70539365079
5452 6.15724123677
5453 5.70254901961
5454 6.27635096154
3347 6.04696666667
5456 6.12496391941
5457 6.13921154985
4259 5.92571121617
4258 5.98882837302
4251 5.90648371519
4250 6.0631024531
4253 5.94878282828
4252 5.97297703763
4255 6.22354282822
4254 6.21709279609
4257 6.13103740287
4256 6.07432406899
5533 6.08993333333
5532 6.03312358853
5537 5.00821428572
5536 6.19905858586
5535 6.48828888889
5534 6.46734567901
5539 5.17333333333
5538 6.12304507937
1349 5.59
6572 6.27015789474
6573 6.56864197531
6570 6.28155298155
6571 5.83
6576 6.04803921569
6577 6.3221292517
6574 5.8086015873
6575 5.90107450652
6578 5.1575
6579 6.34485714286
7694 6.86888888889
7695 5.647
7696 6.02916666667
7697 5.68813333333
7690 6.69961484594
7691 6.64031746032
7692 5.48
7699 6.81333333333
3834 7.04996296296
3836 6.0125
3837 5.33
3830 7.57
3831 6.94
3833 5.66292517007
3838 6.11818181818
3839 5.6281038961
7522 5.51226190476
7523 6.84583333333
7520 6.3746
7521 6.27888888889
7526 5.76296296296
7527 5.11766666667
7524 6.4830952381
7525 6.60353846154
373 5.92272222222
372 5.83944444444
375 6.0
374 5.008
377 6.25
6143 5.79770175439
6142 5.904
6141 6.34783333333
6140 5.8844077135
6147 6.17067846533
6146 5.81603174603
6145 6.46272222222
6144 6.23726666667
6149 6.14078564703
6148 6.47207328605
6927 6.43083333333
8111 6.82853333333
8114 5.97055555556
2274 6.52466269841
2276 4.33666666667
2273 6.20242424242
2051 5.85333333333
2050 6.34
2053 6.42
2052 8.04
4539 6.40666666667
4828 6.428
4829 6.182
4826 6.4212
4535 5.61666666667
4536 6.31027112135
4537 5.75575757576
4822 6.25703030303
4531 6.18833333334
4532 5.14
4533 6.495
9402 6.27506666667
9401 7.03944444444
7983 5.89622222222
7984 6.11822619048
7985 6.08568356375
7986 6.54277777778
7987 6.07790196078
7988 6.25790476191
7989 6.4205
7324 5.795
7325 5.64666666667
7326 6.57720995671
7327 6.53257142857
7320 6.46666666667
7322 6.68
8850 6.85666666667
7069 6.19222222222
7068 7.46
7067 6.83706666667
7066 6.27585333333
7065 6.2358256705
7064 6.1738415404
7063 5.84704166667
7062 6.22800115317
7060 6.22469387755
6961 6.22090478678
6960 6.18924137931
6963 5.97135833333
6962 5.79712221112
8628 6.51179752066
6964 6.44388650794
6967 6.3189047619
6966 6.33866666667
8156 6.08132478632
6968 4.89
8154 6.29583333333
8155 6.96897435898
8152 6.46361111111
8153 6.10333333333
8150 6.84666666667
8151 5.57370486111
9989 6.27555555555
9986 5.49333333333
9984 6.72
9985 6.39337301587
9980 5.98142857143
1388 6.98
1389 6.28
1385 6.167
1386 6.04333333333
1381 6.66666666667
1383 6.62
9194 5.93107481061
7225 6.82850793651
1776 6.49
3464 6.13130181406
6689 6.98666666667
6681 6.02944444444
6682 6.14761904762
6684 5.855
6685 6.31881972789
2429 5.37722222222
7845 6.33222222222
7844 5.012
7847 6.51333333333
7841 6.2462197027
7843 4.44
7842 5.196
6357 6.05165898618
6354 6.3342
6355 6.031
6352 6.09122309198
6353 6.31754545455
6350 6.06277111503
6351 6.09477795031
6358 6.14557960663
6359 6.50875316732
9617 6.955
9614 5.882
9615 5.87107407407
9610 6.54875
9348 5.94491666667
9349 4.95291666667
4952 6.05385471331
2164 6.875
2166 6.22333333333
3229 5.39446560847
1978 5.5225
1977 5.95666666667
3221 5.53383333333
3220 6.29432138528
2160 6.18
2849 6.60106666667
2840 5.95025
5476 6.10774692487
5477 6.13823853133
5474 6.06913380674
5475 6.2028627451
5472 6.28958225108
5473 6.42110614636
3326 6.53
5471 6.1679275085
3329 6.33214285714
5478 6.1565942029
5479 6.14919218077
5518 6.24761904762
1555 6.14896969697
5517 6.4275
1554 6.68023809524
1559 7.04666666667
536 7.92
534 5.936625
533 6.20111111111
1558 6.9
539 7.26
538 6.56
1908 5.54138888889
3294 5.78894927536
5136 6.27
3296 6.00666666667
6519 1.94
3297 7.2632
6510 6.00833333333
6511 6.28912820513
6516 5.22333333333
3812 5.92228571429
8457 4.55333333333
8456 6.19
8454 6.2625
8453 6.32666666667
8452 6.22
8451 6.14875
8450 5.675
8459 6.55233333333
8458 6.0800952381
7548 6.09958333333
7549 6.11633333333
7540 6.77863431013
7542 6.69
7543 5.90422916667
7544 6.70555555556
7545 6.06563218391
7546 6.36284047619
7547 6.1
6169 5.99242919897
6168 6.07813937935
6161 6.04480315615
6160 6.15824882025
6163 6.24435358356
6162 6.019868978
6165 6.09801432641
6164 6.14693261527
6167 6.09964867918
6166 6.03045336876
4519 7.12
4512 6.04666666667
4516 6.37714285714
9421 6.95911111111
9420 6.34888888889
9422 6.01316666667
9425 6.41186904762
9427 6.38666666667
5289 6.35
5281 6.52716666667
5280 4.844
5282 6.27901293103
5286 7.14
7001 6.92833333333
7003 5.55605006105
7303 5.82171428571
7300 7.426
9026 5.33333333333
7305 6.31666666667
9285 6.06
9284 4.98311111111
9281 6.6725
9280 6.46720833333
9283 5.42666666667
9023 6.46733333333
7045 6.00055555556
7044 6.09492592593
7047 5.71791666667
7041 6.18048484849
7040 5.76393939394
7043 6.76944444444
7042 6.27794453166
7049 5.88461111111
7048 6.22858225108
8608 6.26
6988 6.72
8602 4.96
6986 6.23476666667
6985 5.75840787338
6984 5.55471212121
8606 6.81
6982 6.09552777778
6981 6.86426666667
8605 6.23942176871
2989 6.3978707483
2988 3.56
2983 6.33
2982 5.97642857143
2981 6.17
2980 6.17266666667
2987 5.72056944445
2986 7.15739130435
2984 6.33572077922
4358 6.31385688821
4359 6.2218126294
4354 6.04634782609
4355 6.008995918
4356 6.11839061983
4357 6.34788052373
4350 6.06534135518
4351 6.07832010703
4352 6.45176958525
4353 5.97352002164
436 7.33
434 6.54
433 7.97
5708 5.89327380952
5705 5.77636363636
1050 6.52
1052 6.074
7829 3.99333333333
7828 5.60714285714
7823 6.35320833333
7822 6.30588461539
7821 6.70083333333
7820 6.35333333333
7827 6.3860547619
7826 6.65666666667
7825 6.15358134921
7824 6.17615873016
5351 6.19704761905
9368 6.27222222222
9369 5.98723464458
9366 5.4417563978
9367 6.09487114846
9364 6.05686258691
9365 6.2475
9363 6.43447916667
9361 4.71333333333
8985 5.93444444444
8987 5.32222222222
8986 5.741875
8983 6.19733333333
8982 6.85333333333
8988 6.11153968254
3799 5.34
1834 7.055
2154 6.91
4980 6.34866666667
2156 5.71142857143
4982 4.5725
4984 5.48805555556
4987 5.83233333333
2153 6.88364197531
4989 6.14638761729
4988 5.67
1954 5.23222222222
1950 6.17178985507
1953 6.315
1952 5.3825
3249 6.78222222222
3248 7.76
3241 6.43
3240 6.39
1482 7.0
1480 6.22
5498 6.9
5499 6.63285238095
1485 6.04214285714
1484 7.18
5495 7.3
1489 6.34
5490 4.14
5491 6.20739215686
5492 6.12666666667
2794 6.41
8291 6.20545843046
6537 5.80951190476
6534 6.28478174603
8292 6.04926666667
8295 6.16988888889
6533 5.81480952381
6531 4.68833333333
8792 6.17
6538 5.78845
6539 5.68114550265
8793 6.94
8795 6.70742328042
3878 6.556125
3879 6.564
3870 5.8522301342
3871 6.07339652374
3872 6.40521755043
3873 6.03604598365
3874 5.79502020202
3875 6.29659722222
3876 6.0696976912
3877 6.24977628968
8478 7.0
8475 6.09544195548
8474 6.49704047619
8477 5.94133333333
8476 6.45900505051
8471 5.72067857143
8470 5.97816873706
8473 6.49634693878
8472 5.82268656896
7566 6.5102020202
7567 5.92297004608
7564 5.06
7565 6.02835320235
7562 5.59
7560 5.95181932773
7561 6.2587707231
7568 6.35815343915
7569 5.63708333333
9658 5.48857142857
4167 6.18341736695
4166 6.19530075188
4164 6.4225
4163 6.01190786749
4162 6.09507498454
4161 6.61555889724
4160 6.5575
4169 6.01205618492
4168 5.99039251563
2239 6.02554545455
2238 4.78333333334
2236 5.25
5937 5.18
5936 6.34455005879
5935 6.58584867725
5934 3.86
5939 7.01
5938 6.13721088435
2185 6.92222222222
3498 7.24
3499 6.20326388889
3497 6.1075
3494 7.44666666667
2184 6.18344444444
3491 6.32333333333
4570 6.05345238095
4571 5.85168271605
4572 5.88083333333
4573 6.412
4574 7.72166666667
2090 6.03366666667
4576 5.64642380952
2092 6.5875
4578 6.21206140351
4579 6.29718473896
7368 5.88121505376
7369 5.74524444444
7360 5.57409259259
7361 6.19998290598
7362 6.23848639456
7363 6.26580952381
7364 6.071
7365 5.92792261905
7366 6.51934084145
7367 5.88984018759
9003 6.3
7026 5.5355
9001 4.855
9000 6.156
7029 5.99762301587
7028 6.19967687075
9009 6.64
9836 6.67
7799 6.725
7798 6.35783375959
7791 5.98934304434
7793 5.17257142857
7590 6.67410628019
7795 6.89333333333
7794 5.22666666667
7797 5.5851863354
7796 2.34
1039 6.46
1030 6.03375
4379 6.318
4372 5.25796296296
4373 6.818
4370 6.08662777778
4371 5.74326825397
4376 5.96
4377 5.025
4375 4.68020833333
8660 6.50111111111
8662 5.39166666667
8668 6.10055555556
8669 5.80789502164
4080 5.14444444444
4081 5.439
4082 5.99119047619
4083 4.89933333333
4084 5.97779867725
4085 6.83388888889
4086 5.0175
5722 6.809
5721 6.22
5726 5.87056092437
5727 6.38130687831
8084 6.00932638889
8085 6.3725
8086 6.02302536848
8087 6.3452670068
8080 6.14
8081 7.4
8082 6.74366666667
8083 5.79573470322
3844 5.715
8088 6.11238095238
8089 6.86221568305
6648 6.64342592593
6644 6.13568074757
6645 6.40095714286
6646 6.61013888889
6647 6.11938683022
6640 6.15402777778
6641 5.57144855967
6642 7.14714285714
6643 7.09
7800 6.186
7809 5.87424948797
6393 6.15351515151
6396 5.82875
6394 6.29470833333
6395 6.12727272727
2392 5.56
3840 5.33777777778
1850 6.64388690476
1852 6.04033333333
1853 6.18086666667
1854 6.16130555556
1855 5.57333333334
1856 6.54125
2174 6.41
4968 6.24516530612
4967 6.44812399267
4966 6.29769281336
4965 6.02611478697
4964 5.7966833751
4963 6.10864770723
4962 6.01188902007
4961 6.38539219225
4960 6.19113773411
5694 5.96222222222
5433 6.44447679325
5695 6.04151568845
3263 5.394
5128 5.76473545502
3264 6.03438621196
3267 6.12135026283
3266 7.61933333333
5124 6.79976190476
3268 5.77333333333
5127 5.83287698413
5121 6.81
5122 6.8344047619
5123 7.78
9190 5.57797103514
9195 6.45754545455
5438 5.87030424242
7941 6.86333333333
5439 6.34430612245
9197 6.57166666667
7943 6.71673076923
9804 6.264
6886 6.66009090909
6884 4.77333333333
6885 6.34036796537
6882 6.14237037037
6883 5.1
6880 5.18
6881 4.95
8107 5.6866047619
8279 6.77333333333
8277 6.069
8276 6.546875
8275 6.02554708995
8274 6.21685333333
8273 6.29040476191
8272 6.95810875706
8271 4.98
8270 5.3
8419 5.928
8418 6.735
8413 4.82
8412 5.56757575758
8411 6.58444444445
8410 5.10666666667
8415 5.98034236926
7588 6.921
7589 5.98246666667
7584 5.96333333334
7585 5.91
7586 5.70444444445
7587 5.75833333333
7580 6.56038095238
7581 6.00438888889
9800 5.93504100529
6953 6.07119047619
4149 6.37464285714
4148 6.2905123549
4145 6.08063802226
4144 6.03225277778
4147 6.58553508772
4146 5.99441461268
4140 6.87902777778
4143 6.22081481481
4142 6.35452380952
3856 6.07220894072
3857 5.82834226191
3854 6.34169047619
3855 6.52277083333
3852 6.59321726191
3853 6.17901666667
3850 6.11896825397
3851 6.05633596118
6957 5.75475555556
3858 6.27358630952
3859 6.13414227642
5915 6.11056972789
5914 5.52
5916 6.288
4558 6.1528886157
4559 6.01941913342
4556 6.24808971705
4557 6.28031359836
4554 6.37715200185
4555 6.32410411093
4552 6.38191555122
4553 6.1654705108
4550 6.20941841842
4551 6.20877130915
6077 6.12454277971
6076 5.9837094431
6075 5.92366850321
6074 6.00295254872
6073 6.41346222887
6072 6.31542386831
6071 5.86854219385
6070 6.13898104485
6079 5.53581523809
6078 6.58702257992
2614 6.36
2611 6.66666666667
7346 6.52625
7347 5.30642857143
7344 5.71166666667
7345 7.56
7342 6.42151515152
7343 5.97238265306
7340 5.86166666667
7341 5.49583333333
7348 7.2
7349 6.58253401361
9028 3.86
9025 5.61910714286
9027 8.0
7002 6.46
9021 6.48347619048
9020 5.39333333333
7007 6.715
9022 6.05404444444
743 6.948
745 5.95714912281
746 5.67066666667
748 6.29166666666
749 6.19
2949 6.06416869301
2948 6.54011111111
2940 2.9
5357 6.20821201102
5356 6.43093834858
5355 5.79187973957
5354 6.16579646018
5353 6.21595655806
5352 6.06732789116
1056 7.10788888889
5350 5.92583626639
1058 6.80666666667
5359 6.30550865801
5358 6.30246512505
4312 7.02857142857
3119 6.61402777778
3118 6.28409448254
3117 6.44403111111
3116 6.64
8649 4.65466666667
8642 6.48835129784
8643 6.10603206289
8640 5.64215340909
8641 6.41533333333
5740 5.39833333333
5741 6.34274242424
5742 5.74166666667
5743 5.88959402056
5744 6.19243169399
5745 6.34694587757
5746 6.17814751606
5747 6.0668747412
5748 6.05635497836
5749 6.71126262626
2137 6.35397023809
6668 6.02935294118
6669 6.10819323593
6662 5.91398628917
6663 6.59393939394
6660 6.59478571429
6661 6.06020740741
6666 5.96118681319
6667 6.74592592593
6664 5.85143557601
6665 6.12711111111
2373 7.4
1877 7.1875
1878 5.515
4945 6.39363010913
4944 6.41719770723
4947 6.40911784512
4946 6.29046279762
4941 5.84192167767
4940 5.96203401361
4943 6.18693310463
4942 5.94779411765
4949 6.45503508772
4948 6.25732314843
2110 5.944
3288 6.37333333333
3286 5.81361314138
5100 5.31777777778
3284 5.77936507937
3283 5.4005
3282 6.0238
3280 5.42111111111
2621 6.75
7504 6.54716666666
9884 6.12143040293
350 5.43333333333
6868 6.07344444445
6869 6.54
6864 6.30634920635
6865 6.15729411765
6866 6.36777777778
6867 6.02932587065
6860 6.77684672619
6861 6.51787238848
6862 5.73124553571
6863 5.94169973545
9582 6.71138888889
9583 6.46375
9270 5.63321212121
9580 7.57353846154
9586 2.16
9888 4.85
7354 6.3615952381
8254 6.66
1269 6.4375
8256 6.4
8251 6.27523809524
9584 6.66666666666
8253 5.49907142857
8252 6.66666666666
667 7.4
666 6.4075
7356 5.84575925926
8258 6.62
660 6.89
7359 5.775
8788 6.00714285715
9235 5.98352380952
8783 6.38866666667
8787 7.10333333333
8786 4.7175
8785 6.29948717949
9589 6.57
7618 5.92913248848
7614 4.856
7616 6.26
7617 5.005
7612 5.40301904762
7613 6.21
8431 6.23
8432 5.30166666667
8437 6.82
8436 5.95533333333
8439 6.17428571429
8438 5.76161904762
9824 5.89644444444
9821 5.67103535354
9820 5.77833333333
9822 6.5475
9829 6.69555555556
9828 6.96
8514 4.70375
8512 6.33888888889
4129 6.65657575758
4128 6.78333333333
4122 5.71666666666
4121 6.26
8047 4.665
4127 7.01142857143
4126 6.18
4125 6.0
5688 5.82
5685 6.20533333333
5686 5.76
5681 5.62203703704
5680 6.35208333333
5683 4.91541666667
9147 4.80238095238
5979 4.07416666667
5978 6.13833333333
5973 6.12326592293
5972 6.01195627834
5971 5.81083018868
5970 6.23473593651
5977 6.00365142857
5976 6.03981490867
5975 6.11665740741
5974 5.81496492063
1049 6.13733862434
2587 5.92642857143
2586 5.60553571429
2585 6.784
2584 6.17242857143
2583 5.70291666667
2582 6.77333333333
2589 5.5464
2588 6.45301010101
6059 5.92728730293
6058 6.30180092593
6055 6.32163603453
6054 6.28735540675
6057 6.34801874116
6056 4.9116754386
6051 6.10890643275
6050 6.33509753551
6053 5.95370554616
6052 5.96230031746
2639 5.04316666667
2638 6.2045
2635 6.4875
2634 7.6
2631 5.77238095238
2630 5.415
2633 6.51611111111
9599 6.16722222222
9598 6.90666666667
9227 6.265
9594 6.06
9225 6.855
9596 6.41444444445
9591 6.4
9222 7.07166666666
9221 6.16
9592 5.86788095238
9226 3.34
9049 5.50494588745
9048 5.79211111111
9043 6.407
9042 6.95066666667
9046 4.73
9045 6.145
9044 3.64
3546 6.64977777778
3547 6.23106448413
3540 6.42
3541 8.12666666667
3548 6.585
3549 6.38864285714
2965 5.82
768 7.35
769 7.02
2961 7.07457142857
760 6.25086674886
767 5.18875
5379 6.23672220161
5378 6.13538624338
5375 6.1323347136
5374 6.0750054252
5377 6.27715608466
5376 6.25774019608
5371 6.13303090845
1073 5.72571428571
5373 6.05814795918
1071 5.62
4338 5.96880105105
4339 5.63041666667
4336 6.57693333333
4337 6.11683333333
4334 5.944
4335 6.34183333333
4332 6.3765
4330 6.12176984127
3134 6.58347222222
3136 5.02
3130 6.17761904762
3139 5.85225555556
3138 7.38
5768 6.21010305789
5769 6.14563698173
5766 6.22685941454
5767 6.08208499821
5764 6.34340840548
5765 6.34466047025
5762 5.95590912967
5763 6.34263938366
5760 6.35854771467
5761 5.85184200812
8192 4.89466666666
8193 6.28
8190 5.09875
6434 5.84006253909
8196 6.556
6431 5.64933201058
7427 6.22027777778
7426 6.4764
7425 6.34483333333
7424 6.28541666667
7423 5.11428571429
7422 6.13666666667
7421 6.536
7420 4.98
7429 5.98952380952
7428 5.04
6604 5.52666666667
6605 6.09540740741
6606 6.38
6607 6.53
1042 7.14
1041 5.02277777778
5366 6.25786981342
1046 6.81166666667
5364 6.33344264069
1044 6.64
2358 6.5825
2359 6.4
2352 6.17428571429
2353 6.39340625
2351 6.56
2357 6.312
2354 6.43097473275
2355 5.70133333333
5369 6.21322893277
6736 6.055
3739 5.51
3738 6.07211927656
3737 6.23907407407
3736 5.9513968254
1896 6.78
3734 5.77249206349
3733 5.85083333333
1891 5.77362912608
1892 6.60485714286
3730 5.48044444444
4923 5.77
4922 4.89333333333
4692 6.855
4927 6.71654365079
4926 6.81025925926
4925 6.32475555556
4929 5.7
4928 6.53540740741
2138 5.07666666667
5160 6.46620273668
5161 6.47725180375
5162 6.34696314246
5163 6.1995132815
5164 5.9940072703
5165 6.03520363408
5166 6.11444179894
5167 6.05967072511
5168 6.14073490128
5169 6.05889747258
9698 5.625
9699 5.85771428571
9697 5.90625
9694 6.94875
9695 6.60142857143
9690 6.21333333334
9691 6.16171428571
8257 5.69333333333
1268 5.42321428571
8250 6.77714285714
9467 6.38167261905
1793 6.09289144677
1792 6.08106641604
1791 6.14507936508
1797 5.69714285714
1796 5.84
1794 6.84
6848 5.98565028881
6849 6.12472380952
6842 5.46495647721
6843 5.868
6840 6.18691111111
6841 5.91064763769
6846 5.70305370569
6847 6.23731893688
6844 5.55835802469
6845 6.40201041667
6590 5.41333333334
8232 5.82712698413
8231 1.76
6593 6.83052688172
8237 7.42666666666
8236 6.84
6596 6.09133333333
8234 5.88666666667
6598 6.16866666667
8239 6.23122222222
8238 6.625
7638 5.63008333333
7639 6.33454545455
7633 6.42516666667
7630 6.12
7631 6.46666666666
7636 6.32
7637 4.79293333333
7634 5.92961111111
7635 6.57
9843 6.295
9847 6.85
9845 5.4319047619
9849 6.00380866779
9848 5.46
1241 7.06
1240 6.46
643 5.72733333334
3091 4.865
1244 5.65333333333
1247 6.49283333333
1249 6.36033333333
1248 6.28731060606
4101 5.94
4104 6.59333333333
9647 6.02860714286
3893 6.56
3896 5.6
3895 6.245
5951 6.16787037037
5950 5.99350595238
5953 6.2066161541
5952 6.4425202192
5955 6.08162539767
5954 6.26984385088
5957 6.46838633242
5956 6.40253246753
5959 6.34443068356
5958 6.29737002801
6039 6.06733333333
6038 6.99
6032 6.765
6037 5.86
6036 6.15047619048
6035 6.18208333333
9205 6.15666666667
9204 6.61130952381
9206 6.06133333333
2653 6.62955749806
2652 5.2862
2651 5.58144781145
6980 7.05416666667
9208 6.025
2655 6.34613553114
2654 6.36256565657
7388 5.7375
7382 6.61476190476
7383 5.93576736111
7380 6.29878787879
7381 5.96096624547
7386 7.01125
7387 7.022
7384 6.40108333333
7385 6.02666666667
9061 6.14
9060 7.372
9063 6.195
9062 6.49833333333
9065 5.96661904762
9064 6.68
9067 6.42
9066 5.5864
9069 6.52
3562 6.54048148148
3563 6.25665124532
3560 5.07
3561 6.66666666667
3566 6.05919871795
3567 6.42877777778
3564 6.25566712235
3565 6.2934023199
3568 6.14071655329
3569 6.27590659341
4480 5.63592
4481 6.7136
4483 6.61083333333
4488 6.67166666667
700 6.6325
5318 5.7924
5317 6.41807407407
1987 6.38571428571
1984 6.52
3153 6.80540998217
3152 6.84847826087
3151 5.9966969112
3150 5.7643125
3157 6.57411168831
3156 6.28546428571
3155 6.04824206349
3154 4.81355555556
3159 6.864
8574 6.76433333333
8575 6.4696737013
8576 5.92282381839
8577 6.55680864198
8570 6.55896878307
8571 6.05058134921
8572 6.41702380952
8573 5.72806888889
8578 6.38123611111
8579 5.70888888889
1264 6.30666666667
7409 4.89081818182
7406 6.15974358974
7401 5.86363636364
7402 6.50666666667
6624 6.22666666667
6622 6.22
6623 5.64833333333
6620 4.93333333333
6621 6.74142857143
2333 6.17805555556
2334 6.797
2335 6.20333333333
4712 6.88977777778
2338 4.46
2339 6.80777777778
4718 6.09714285714
3713 6.5
2717 6.71
2488 6.92666666667
2489 6.83041666666
2486 6.935
2487 5.99733333333
2484 6.74833333333
2485 6.13479365079
4673 6.76619047619
2483 6.59785714286
4671 6.31870238095
2481 6.23
8188 5.95065111111
5148 6.35719679126
5149 6.26006926407
5146 6.09877480159
5147 6.12499032043
5144 5.92093294553
5145 6.25587955182
5142 6.34087912088
5143 6.22254964367
5140 6.01332671958
5141 5.91595121951
1188 5.65142857143
7955 6.21975396825
3377 5.95208333333
7222 5.91303657695
9168 6.62
9169 6.036
7951 5.22625
7950 6.15089177489
9164 6.37443589744
5423 5.70130952381
3370 5.75219753086
7247 6.23
7245 6.69491666667
9167 5.937
7243 6.30498090637
7242 5.97603875969
7241 5.888
7240 6.51625
7248 5.75672222222
6822 6.28
6824 4.64666666667
6825 6.71777777778
6826 6.40277777778
6828 6.14833333333
6829 5.21495238095
8813 6.15833333333
8811 4.96772727272
8818 6.77597883598
8219 6.40833333333
8218 6.9
8749 6.69969444444
6494 5.8578250189
8211 6.20166666667
8210 6.7026025641
8213 6.285
8212 6.24
8743 5.60506666667
8742 6.68
8741 6.16916666666
8740 6.11074074074
7650 6.71833333333
7651 6.18177609428
7652 5.96220512821
7653 6.33972222222
7654 5.75929096647
7655 5.9464646188
7656 5.72612433862
7657 5.8038888626
7658 5.98990195433
7659 5.96438471566
8176 5.61208333333
8178 6.00228571429
8179 6.52540890916
9868 6.59133333334
9861 6.16
9860 6.82
9865 6.38873034652
9864 5.285
9867 6.47469230769
9866 6.895
3396 6.82
265 7.82
6016 6.40876610644
6019 4.9
9263 7.94
9262 6.81666666667
9261 6.00180952381
989 7.4
9267 5.935875
9266 6.26014102564
9265 5.64659313725
9264 6.52
9269 5.57341025641
9268 6.23666666667
9089 5.87811168831
9088 5.23298809524
9087 6.852
9086 6.19387931034
9085 6.34265458153
9083 6.36061111111
9082 5.14333333333
9081 6.23
9080 5.355
5089 6.96125
5088 6.18666666667
3500 7.192
5082 5.10407407407
5081 6.188
5080 5.97888888889
5087 5.17333333333
5086 6.92
5085 4.72520833333
2674 6.51111111111
2676 6.682
2929 6.26292809089
2928 6.52347222222
2921 5.79666666666
2920 6.52285714286
2923 7.55333333333
2922 6.43452380952
2925 6.86
2924 6.34333333333
5333 5.36095238095
5332 5.35708333333
5335 6.0986716792
5334 5.965
5337 2.42
5336 5.92833333333
5339 6.07530241187
5338 5.84123276799
3179 6.75
3178 5.79508333333
1168 6.60095238095
474 5.23
9385 6.40722222222
8552 5.971
8553 6.265
8551 6.5
8008 6.02
8009 6.88
8554 6.65033333333
8555 4.673
8005 6.82951851852
8006 4.935
8007 6.07666666667
8000 6.97481481481
5257 6.24377433756
791 6.32
7469 6.32
7468 6.33089529915
7461 6.89
7460 6.12078395062
7467 6.09065432099
7466 5.87206277056
7465 5.98742952381
4687 6.624
4684 6.88
4933 6.82059627329
4934 5.57866666667
4683 7.1
4732 5.97584188034
4733 6.51111111111
4730 5.95541565589
4731 6.18564822794
4736 5.85582444986
4737 5.82197278912
4734 5.72272222222
4735 6.36053333333
4738 5.73666666667
4739 5.79
2312 6.26825793651
2310 6.19410884354
5854 6.30856991908
5855 6.31451448413
5856 6.08077660682
5857 6.08665794491
5850 6.16099568388
5851 6.26622564103
5852 6.3894828469
5853 6.18053646566
5858 6.30553214619
5859 6.10684235689
3773 6.01137681159
3772 6.2909705665
3771 6.205
3770 6.44376984127
3777 6.11128759174
3776 5.81203428571
3775 5.52811936937
3774 5.68402604167
3779 5.73313871636
3778 5.72729923956
4655 6.18103756885
4654 6.3293462929
4657 6.12803962531
4656 6.10034809479
4651 6.3476279352
4650 6.36649709257
4653 6.14364340136
4652 6.36157839618
4659 6.5794963925
4658 6.17087622613
7889 5.86674444444
7888 6.39388888889
7881 6.07
7880 6.54444444444
7883 6.30466666667
7885 6.20749271709
7884 6.736
7887 5.92516666667
7886 6.39833333333
102 7.88
100 6.82
7269 6.29722222222
7268 6.21554761905
7265 6.30240487062
7264 6.09865625
7267 5.43501190476
7266 6.59211038961
7261 6.06242857143
7260 5.93339506173
7263 6.06911494253
7262 6.90153333333
6204 5.3
6205 6.23333333333
6206 5.96870238095
6207 5.68666666666
6200 7.86
6201 6.90692592593
6202 7.475
6806 4.13
6804 7.096
6805 7.52333333333
6802 5.88363378124
6803 5.74014285714
9747 6.85916666667
9748 5.91465608466
8839 4.24
8838 5.10795238095
8835 5.58904112554
8837 6.35377777778
8836 5.71631587302
8830 6.73375
8833 6.94477777778
8832 5.50666666666
9595 6.65
7678 6.35189424142
7679 6.46729166667
7677 6.584
7672 6.29408095238
7673 6.57366666667
7670 6.72227513228
7671 6.17229028235
9223 6.12928205128
9590 7.415
9593 6.66428571429
1758 6.49
1757 5.73795555555
1756 5.94458333333
1755 5.18681818182
1754 6.48475342466
1753 5.92792337165
1752 6.04089110741
1751 6.5725
1750 6.52633333333
1285 4.76
1284 6.07696428571
1286 6.33888888889
1281 6.754
1280 5.71913690476
1283 5.50833333333
1282 5.56857142857
1288 5.9016
8764 6.27888888889
8761 6.0488
8760 6.74333333334
8763 6.01666666667
8762 6.8075
1570 6.82
681 6.22
1574 5.8
8503 5.83977777778
8050 5.74482155658
8505 6.61433333333
8504 5.92714285715
8507 6.36286699507
5628 6.96904761905
5627 6.16705059524
5626 5.865
5625 5.82
8054 6.63520833333
5623 6.44523809524
8493 5.84703703704
8492 5.71666666667
8490 6.48354166667
8496 6.38
8495 6.58
8494 6.23761904762
5997 6.525
5996 5.39428571429
5990 6.11
5992 5.96448889566
5999 5.20586666667
5998 5.86555555555
4678 6.02954469922
6781 5.70930555556
6782 6.17514285714
6785 6.71479166667
6784 3.32
2880 5.65333333333
7499 5.44
249 7.12222222222
248 6.4978855963
2888 6.25423280423
9248 6.0
9533 5.08666666667
9532 5.22666666667
9247 7.26777777778
3699 6.03375
3691 5.96666666667
3692 6.24
3693 5.727
3526 6.50466491703
3527 5.40285714286
3524 6.5175
3525 5.70531372549
3522 5.845
3523 5.90833333333
4670 6.2771739229
1147 5.58871428571
1144 6.82
1148 6.83445238095
1149 6.37003225806
7193 5.0
7191 7.52
6400 6.08936363636
8538 5.86333333333
8539 2.81
8029 4.655
6406 6.38783333333
8532 6.855
8021 5.895
8534 6.52
8535 6.764
8536 5.53952380952
8025 6.16
7441 6.58666666667
7440 5.78260401002
7443 6.13009259259
7442 6.34355555555
7445 6.34114285714
7444 5.62333333333
7447 6.623125
7446 6.54476190476
7449 5.96685185185
7448 3.86
8187 6.50665986395
4282 5.42
4283 6.17045833333
4280 5.99192403628
4281 6.60327380952
4284 6.00857142857
4758 6.03859940677
4759 6.15806380952
4750 5.95849714679
4751 6.41090184384
4752 6.51915350877
4753 6.17381087777
4754 6.14511240981
4755 6.02893694664
4756 6.22723183242
4757 6.40536689337
5872 6.03930706557
5873 5.81184964242
5870 6.0310797619
5871 5.75463821138
5876 5.83260131932
5877 6.22099047619
5874 6.01480156008
5875 6.18642350088
5878 6.4321292517
5879 5.909173683
3759 6.44571794872
3758 6.38018509357
3751 6.35565401426
3750 5.99340029561
3753 6.12402777778
3752 5.93352380952
3755 6.1247745098
3754 6.39639115646
3757 6.54707940027
3756 5.89778571429
2190 6.34343859649
4632 6.70333333333
4630 6.08666666666
4637 3.45111111111
2195 6.1493877551
4635 6.00296464647
4634 5.93750793651
2198 6.84
4639 6.95277777778
4638 5.2075
4811 5.7235
165 6.92666666666
6194 7.125
6195 5.93426068376
6196 7.33
6197 7.22
6193 6.384
6198 4.44
2734 4.8
2737 6.01666666666
2731 5.72722222222
2733 6.54166666666
2738 4.98239393939
2739 6.70533333333
9184 5.49927619047
9182 6.56041025641
9183 6.064
9180 5.42
9181 5.73333333333
7209 5.23433333333
7208 6.645
7202 6.76
7207 6.77928571428
7204 7.2
6221 5.62
9763 6.09210961886
9766 6.79964285714
9767 5.93333333333
9764 7.1421875
9765 6.45666666666
9768 6.19824074074
9769 3.86
8859 6.19460148322
8858 6.28007936508
8853 5.787
8852 5.79868148108
8851 6.62
800 4.89666666667
8857 5.8734039923
8856 5.69785714286
8855 6.15027777778
8854 6.75296296296
5274 6.17319285714
5275 6.0348030303
5276 6.59520061728
5277 5.712
5270 6.0834569371
5271 6.13455238095
5272 6.60991666667
5273 5.83500482626
5279 6.50299615975
1100 5.46666666667
1551 6.03134444444
1550 6.24346666667
1553 5.28936363636
1552 6.0348
3038 6.85433333334
3039 6.35643957431
1557 6.295
1556 6.44605898268
3034 6.11017006803
3035 5.51803571429
3036 6.64444444444
3037 6.643625
3031 6.65
3032 6.32352083333
3033 5.72422222222
8703 4.94
8702 7.71
8701 6.835
8700 6.3205
8706 5.36333333333
8705 6.095
8704 6.45325050505
8709 5.0976
8708 6.01104166667
9323 5.56
5608 6.414
6421 6.21878787879
6422 5.443
6423 6.92
6769 5.91632142857
6768 5.9640952381
6767 6.25868776616
6766 6.49242424242
6765 6.25649386017
6764 6.31147805789
6763 6.50017405583
6762 5.99829532967
6761 6.08196077889
6760 6.1918015873
9977 7.25
9972 6.0
9970 3.2
9979 6.03838095238
9978 6.29608888889
5049 6.23838147281
5048 6.22621428571
5047 6.11004915825
5046 6.21837431163
5045 6.245
5044 6.43383333333
5043 6.69900487329
5042 5.97039768822
5041 6.1202129775
5040 6.00432589286
9511 6.19
9510 6.38722222222
9519 7.07
9518 4.24
1993 6.56916666667
5181 5.835
1995 6.744
8040 6.375
8041 6.3442745098
8042 6.37
8043 5.32666666666
8044 6.08666666667
8045 6.15111111111
8046 7.0
8511 6.04733333333
8048 5.68259259259
8049 5.81291043084
8518 6.74
4776 6.18142857143
4777 6.59910606061
4774 6.99
4775 5.86
4772 6.42914141414
4773 6.82233333334
4770 5.73476725975
4771 6.18337943262
4778 5.72212360135
4779 6.47111111111
5815 6.16666666667
5816 5.95548285714
5817 6.09352380952
4618 6.38
4612 7.62
4615 5.408
4616 6.82
147 6.035
148 6.21277974026
149 6.60271062271
3343 5.89777777778
1193 6.208
1192 6.77125
7964 7.31
1195 5.765
2718 2.49
2719 4.52
5455 6.10952732919
7221 7.355
7956 5.96717844342
7223 6.252
7954 6.12236842105
7953 6.27706900599
7224 6.1
7227 7.16
7226 6.15694867725
7229 6.59
9165 1.88
1196 6.65
9160 6.74441269841
9175 6.33714285714
9162 4.685
9163 6.06125
9174 6.2876031746
6248 5.93059398496
6249 6.05855367232
6240 6.42166666667
6243 6.22625
6244 6.26932063492
6245 5.99833333334
6246 5.83163672655
6247 5.88849030679
9708 6.255
9709 5.01
9704 6.155
9705 5.79555555556
9706 6.44591666667
9707 6.607
8871 6.33766666667
8870 5.72106060606
8873 6.39863636364
8872 6.13462345679
8875 5.97574819174
8874 6.16025793651
8877 6.3034047619
8876 6.20078130511
8879 6.3505
8878 5.9725
8163 6.61
8162 5.56
8161 6.4
6975 6.35949134199
8166 6.16
5252 6.14999761905
5253 6.45244217687
5250 6.10168745276
5251 6.06410119048
5256 6.13887559319
6970 5.93268077601
5254 6.10819685073
5255 5.91334086378
5258 5.9832837328
5259 5.97247710852
3018 5.1
3019 5.425
3016 6.19333920103
3017 6.64458333333
3014 6.77
8721 6.14833333333
8720 5.732
8723 6.08504761905
4180 6.24
4183 5.28633333333
4184 6.13256666667
4187 4.79
4186 6.08972222222
5663 6.38445361175
5662 6.37949987541
5661 6.33116996423
5660 6.26092513227
5667 6.31692268593
5666 6.10111644066
5665 6.25229057954
5664 5.94384282264
5669 6.189291516
5668 6.28739606227
13 6.21
8189 6.66963095238
6407 6.15
8185 6.34318518519
8184 5.71166666667
6408 5.36
8186 5.97333333333
8181 6.36833333333
8180 6.52285714286
8183 6.31666666667
8182 7.06416666667
7764 6.24486473923
7765 6.10394471501
7766 6.17149659864
7767 5.48651515151
7760 5.42604444444
7761 5.70580952381
7762 6.85833333333
7763 6.5885828373
7768 6.18703703704
7769 6.50560938578
6745 5.54133333333
6744 6.10173232323
6747 6.11806666667
6746 5.86645864662
6741 5.87934343434
6740 5.93457261905
6743 6.6465942029
6742 6.8860952381
6749 5.9830952381
6748 5.5125
9959 4.0
9955 6.665
9954 6.85
9957 5.88333333333
9951 7.53
9950 6.17901851852
9952 5.807
8881 7.56
3658 5.8735010352
3659 7.1025
3654 6.29166889063
3655 6.16960238967
3656 6.16705330087
3657 6.23645396825
3650 5.33400824176
3651 5.715
3652 5.22476190476
3653 5.97843055556
2529 5.168
5065 6.09228865294
5064 6.20416025641
5067 6.27749074074
5066 6.27553362709
5061 6.33573515478
5060 6.49859738771
5063 6.19315149824
5062 6.3616489899
5069 6.24596904762
5068 6.00760753532
4408 7.96
4409 6.33666666666
4407 8.04
9573 6.11428571429
9572 5.98102040816
9571 6.436
9577 6.20495
9576 6.61
9574 6.26
5392 6.6
5390 5.90919206318
5394 6.617
5399 6.68583333333
5398 6.39
9397 6.44938541667
9396 6.53395238095
9394 6.43833333334
9392 6.42666666667
9399 6.92
9398 6.98363945578
7159 6.21583333333
7158 5.93714285714
7157 5.66358333333
7156 5.81693863836
7155 5.71926896419
7153 5.35839285714
7152 6.20971058201
7151 5.90974285714
7150 5.9162340824
8068 6.16902064545
8066 6.52
8067 5.97271133412
8064 5.28266666666
8065 6.22416666667
8062 6.3678
8060 5.89577210884
8061 6.07681818182
7485 5.63902116402
7484 6.43074074074
7487 6.6
7481 5.96766666667
7480 6.08268664256
7483 5.76183333334
7482 5.45968253968
7488 6.81233333333
2891 4.68
2890 4.8
2892 6.82
1454 6.29686209029
1455 5.68734432234
1456 5.457
1105 7.28
1451 6.71333333333
1452 6.65
8898 6.75
1894 6.06283333333
6597 6.60666666667
3735 4.86
1890 5.90321481481
3732 6.32
1893 6.03617718715
4690 5.9075
4790 6.15051274651
4791 5.74287595532
4792 5.645
4694 7.38
5836 5.03834567901
5837 5.94021428572
5835 5.38528703704
5832 5.36944444444
5830 6.73380952381
5831 3.48
5838 6.34253061224
5839 6.37128571429
6495 6.50863636364
2778 6.105
4899 6.22
4892 6.08523809524
4891 5.47758730159
4890 6.338968092
9498 5.98952380952
9148 6.53088888889
9149 6.87638888889
7979 6.33333333333
7975 6.504
9491 7.14
9492 6.83346666667
7976 5.31
7971 5.95975
9495 6.405
7973 5.7664
7972 6.01364814815
6266 6.14516323134
6267 6.1184537943
6264 6.27880651872
6265 6.10534947786
6262 6.0059546549
6263 6.22619228627
6260 6.26975928494
6261 6.00708935413
6268 6.05082827575
6269 6.2567140377
9722 6.24
9723 5.74222222222
9720 5.48256060606
9721 5.9016652602
9729 6.79571789322
3467 6.56417804233
3466 6.15780952381
845 5.85444444444
7529 5.31226666667
843 6.12
3462 6.19055555556
3461 6.346
3460 5.8
8897 5.50566666667
8896 5.668
8895 5.87936414566
8894 6.663
8893 4.73733333333
8892 5.62142857143
8891 6.82295238095
3468 6.32094344675
1583 6.56354166667
5238 6.25683730159
5239 5.36180183532
5234 4.36583333333
5236 6.10625
5237 6.649
1595 6.46400614439
1594 6.51035714286
1597 6.34
1596 6.72666666667
1591 1.56
1590 7.046
1593 4.96666666667
1592 5.83564444445
3078 8.42
3079 5.83915597148
1598 6.95888888889
5649 6.53487179487
5648 6.27279166667
5641 6.20108946609
5640 5.97061309524
5643 6.32917774086
5642 6.4596969697
5645 5.93918710317
5644 6.22254633205
5647 6.31574074074
5646 6.16436243386
6468 6.07853666667
6469 6.11093325958
6460 6.23377333871
6461 5.90881905192
6462 5.88115004374
6463 6.80112745098
6464 5.85067610063
6465 6.04197619048
6466 6.39701367866
6467 5.75801244101
7742 4.4
7743 6.21953649798
7740 5.91805753968
7741 5.91625759637
7746 6.41214285714
7747 6.19833333333
7744 6.35606060606
7745 4.58523809524
7748 5.87376190476
7749 5.05
3922 7.022
3921 6.28
3299 6.8
3927 4.75
3925 6.49651496599
3928 6.01428571429
3929 5.94777777778
8307 5.99125641026
8306 6.21607142857
8305 6.14226190476
8304 6.05008333333
8303 7.06923076923
6725 6.61
6729 6.13444444444
8309 7.02666666667
8308 5.60822222222
14 4.86
9935 6.0997
6099 5.28146439296
6098 5.41333333333
6090 7.18291666667
6096 6.22
3678 5.7322010582
3679 5.42008465608
3672 6.71333333334
3670 6.40020238095
3671 6.48677564103
3676 5.8873308642
3677 6.42938341468
3674 6.22870238095
3675 6.33990909091
2542 5.74
2541 6.15436111111
2540 6.54486458333
2547 6.0747826087
2546 6.4
2549 6.15583333333
2548 5.51176190476
3580 6.28898809524
3581 6.54555555556
3582 5.84
3583 5.76833333333
3584 5.98011764706
3585 5.74428174603
3586 5.37888888889
3587 6.43166666667
900 5.15
4429 6.4
906 6.65640873016
4422 7.304
4420 6.75637037037
4421 7.78
4426 6.24
4427 6.169
4424 6.74416666667
9558 6.3275
9551 6.07166666667
9553 6.40267573696
9552 5.128
9555 5.422
9554 6.81016666667
9557 7.21
9556 6.04
8934 5.84666666667
8935 6.29141666667
8936 5.86602666667
8937 5.65916666667
8930 6.1956
8933 5.78638888889
8938 5.81053906926
8939 5.87278947368
7175 6.8380952381
7174 5.71553809524
7177 6.38613636364
7176 6.37371428571
7171 6.05094444444
7170 6.43902154195
7173 6.20238095238
7172 6.34
7179 6.28658730159
7178 6.52743803419
1696 6.20833333334
1692 6.375
1693 5.67491666667
1691 6.9
1698 6.65
1472 5.60266666667
1473 6.92
1471 5.62541666667
1474 6.26
1475 6.13
1478 5.908
4228 5.40611111111
4226 6.47666666667
4227 6.09166666667
4221 6.856
4222 6.28604938272
5584 5.94041666667
5585 7.29333333333
20 5.7
5583 5.52025
5580 6.32813961039
5581 6.04571428571
5588 6.525
1069 6.81198701299
1066 6.38702678571
2288 6.37
2289 6.22334033613
2280 8.04
2282 4.57333333333
2284 5.89615247715
2285 7.28666666667
2286 2.98
2287 5.58750396825
2054 5.2725
8314 6.78666666667
2056 5.88
6732 6.0775
4534 2.94
8317 7.33
4827 6.42246849447
8310 1.56
6735 8.04
9120 6.64333333334
9121 6.41
9122 7.385
9123 6.57555555555
9124 6.29614285714
9125 6.13966666667
6591 6.37404761905
4530 6.24631292517
6737 6.42236734694
6592 6.7
4823 6.64
7919 6.705
7918 7.0
7913 4.685
7912 5.89598276156
7911 6.16151282051
4821 5.98214285714
7917 5.52
7916 4.94
7915 6.26285714286
6595 6.45878183904
6284 5.58879761905
6285 5.84515047619
6286 5.98918783069
6287 6.34
6280 5.47666666667
6281 6.58666666667
6282 6.955
6283 5.59583333333
9406 6.24022222222
9405 6.09989417989
868 6.3
3449 7.41785714286
3445 4.775
860 6.66356060606
3447 6.06793333333
3446 7.415
865 6.835
867 5.36424242424
866 5.64555555556
2756 6.22
2757 6.17365
2754 6.19413672439
2755 6.00649478993
2752 6.08417565618
2753 5.85590804598
2750 5.96666666667
2751 6.68277777778
2758 5.99111111111
5218 6.55
3059 6.24
3056 5.55817251462
3054 4.06333333333
3055 5.652
3052 6.145
3053 6.42529946985
3050 6.03647619048
3051 5.9388015873
1310 6.7
6446 5.99434992785
6447 6.34978008658
6444 5.23962962963
6445 6.25719607843
6442 6.52666666667
6443 5.96654761905
6440 5.06875
6441 6.27
6919 4.845
6448 5.90520427881
6449 6.05185449735
7728 3.68666666666
7720 3.25
7721 3.68
7722 5.27333333333
7723 6.55315649391
7724 6.2004093702
7725 6.15888888889
7726 5.80114516129
7727 6.128
3948 6.03760651629
3949 5.69777777778
3940 5.84696405765
3941 5.67610606061
3942 4.52333333333
3943 5.81157555143
3945 6.005
3946 2.71
3947 5.86986111111
8325 6.12
8324 5.26
8326 6.18
6705 6.04318181818
6704 5.332
6707 6.17666666666
8322 5.40760204082
9913 5.84333333333
9919 6.04741666667
4057 5.88756107391
4056 6.1224071687
4055 6.2643117284
4054 6.2065
4053 6.61743809524
4052 6.12600854701
4051 6.11363692829
4050 5.82831481482
4059 6.16615306123
4058 5.85954722222
3613 8.04
3618 6.185
3619 5.41666666667
2565 7.14
5028 6.3
5021 7.025
5020 6.5175
5023 6.42083333333
5022 6.07016666667
5025 6.0435
5024 6.04886666667
5027 6.02840500241
5026 6.58391025641
4440 6.44
4441 5.27625
4442 6.18119390716
4443 5.9243950207
4444 5.94341329027
4445 5.83002173913
4446 5.93440642303
4447 5.85965200617
4448 6.2455409318
4449 6.49218395692
967 7.1
968 5.92823639456
969 6.656
3090 4.32466666667
8910 3.14
8911 7.205
8917 6.11611111111
8915 3.96625
8918 5.94
8919 6.97454545455
1966 6.575
1967 5.73466666667
7118 6.27125396825
1678 4.76933333334
1674 6.48666666667
1670 6.25033333333
4208 7.384
4207 5.93885714286
5568 6.25305408146
5569 6.00051694915
5564 6.19822443978
5565 6.40441065104
5566 6.18464591894
5567 5.99314007566
5560 6.15201567214
5561 6.36531976446
5562 6.38411124795
5563 6.15984608301
6118 4.94
6119 7.195
6114 5.0
6115 6.65133333333
6116 6.16
7931 7.02333333333
7282 6.04753968254
7933 7.42
7932 5.76
7935 5.05111111111
7286 6.16916666666
7937 5.5
7284 6.06553174603
9454 2.76
9107 5.97
9104 6.32666666667
9105 3.72
9450 6.63740740741
9451 6.09177944862
9452 5.04333333334
7974 5.9385784127
7977 6.24074358974
9494 7.08
7970 6.67373333333
9496 7.52
9497 5.95265873016
3423 6.51666666666
3422 5.1669047619
3426 6.45
3424 5.54666666667
4588 6.09454545455
4859 6.05299182299
4858 6.21593182997
4585 6.305
4856 6.09330444971
4855 6.2114710304
4854 6.11359063564
4581 5.93893333333
4580 6.49431547619
4851 6.15150108225
4582 6.06766666667
6965 6.27983333333
8159 5.995
8624 6.52
8157 6.85
1087 6.372
1088 6.18888888889
449 6.21666666667
448 6.513
6932 5.74017142857
6933 6.00983333333
6930 5.43528888889
6931 6.10014285714
8699 6.709
6937 5.9818
8129 6.126
8128 6.236
8695 6.70845238095
8694 6.34
8697 6.78
8696 6.808
8123 6.18
8690 6.358
8121 6.24
8120 6.64
7707 6.16766666667
7708 6.462
7709 6.88
8349 6.12776785714
8348 6.74
8343 5.79
8342 6.81293518519
8341 5.74916666667
8340 6.34133333333
8347 6.12
8344 5.99444444444
847 6.73491666667
846 6.71552380952
3465 7.38
844 6.136
3463 6.59666666667
4079 6.26666666666
8899 6.01
4075 5.63722222222
4074 5.91978571429
4077 6.29916666667
840 3.86
4071 5.9583
4070 6.05745045959
4073 6.54951020408
4072 6.01025489497
3966 6.32377142857
3967 6.50993333333
3964 6.22333333333
5794 5.9
3962 6.16576623377
5792 6.256
5791 6.1
5790 5.7075
5799 6.24114285714
5798 5.995
3636 5.95716666667
3637 6.93047619048
3634 6.10197169497
3635 6.70966666667
3632 4.56238095238
3633 6.43337301587
3631 3.33333333333
3469 6.41719298246
848 6.78
6450 6.2201797619
6453 5.85260714286
4469 5.78863278844
4466 5.84381750901
4467 6.36615260271
4464 6.19289114397
4465 6.15670805937
4462 5.83868772894
4463 6.11692276911
4460 6.07880428681
4461 6.0633125
949 6.65
946 6.76464285715
947 6.68875
944 6.33333333334
945 5.67666666667
943 6.24666666667
941 7.01333333333
6455 6.59333333333
6454 5.93983333333
1072 5.905
6322 6.66
6321 5.86737783128
9667 6.48986666667
9666 6.00327777778
9665 6.47682330827
9664 6.41176190476
9663 5.43333333333
9669 6.8652
9668 5.19474603175
8978 6.69375
8979 5.376
8970 7.21
8971 6.36825
8972 5.84140039637
8973 6.27675910364
8974 6.52835064935
8975 6.93236666667
8977 6.32885767196
7139 4.9
7130 6.21371428571
1659 5.99256373256
1652 6.58055555556
1653 6.16
1650 6.63142857143
1656 6.16666666667
1654 5.53693939394
1655 6.61270563421
2839 5.84653835979
2838 6.0237755102
2837 3.16
2836 5.8975
2835 6.34206060606
2834 6.33444444444
2833 5.80650075908
2832 6.35666666667
3392 5.85145833333
3395 6.61
3394 6.51
3397 6.46833333333
5400 5.9526984127
3399 6.91833333334
3398 7.02
4260 6.02491359621
4261 6.10693333333
4262 6.10676137566
4263 5.83617834337
4264 5.7572957672
4265 6.52332539682
4266 6.20690153497
4267 6.06483741572
4268 6.1376339907
4269 5.56169444444
1885 6.02
5548 6.39293333333
5549 6.0889965368
5542 6.12642424242
5543 5.78319942645
5540 5.37795704949
5541 5.72219778017
5546 6.20087704918
5547 6.29332258065
5544 6.33937001287
5545 5.50283940167
8596 5.86676666667
8597 5.9925
8594 5.54520833333
8595 5.56158333333
8592 6.38266005291
8590 5.04
8591 6.55723076923
5894 6.41428571428
5895 5.60095238095
5896 5.67435897436
5897 6.17333333333
5898 6.38285714286
5899 6.61714285714
4913 6.226
4910 6.51413333333
4663 6.01229160706
9897 7.2
9890 5.32666666667
9891 6.655
9892 7.02444444444
9893 6.56
9898 5.08777777778
6138 5.92304421769
6139 5.49637037037
6132 5.06
6136 6.08291035354
6137 5.80092592593
6134 6.51666666666
9478 6.21471264368
9479 6.27127272727
9472 5.4425
9473 8.0
9470 6.47901388889
9471 6.01940909091
9476 6.47023684211
9477 6.423
9474 5.98816666667
3252 6.2481754386
2248 6.62345238095
2249 6.65444805195
2244 6.27285714286
2245 5.9573547619
2246 5.96928571429
2247 6.45089215686
2240 6.26017006803
2241 6.39
2242 5.76698412698
2243 6.6575
367 6.54
4875 6.12586580087
4874 7.04
4877 6.81049253968
4876 5.96958333333
4871 6.35691062802
4870 5.98828888889
4873 6.24592592593
4872 5.89775
4879 5.76075396825
4878 6.08274220033
2790 6.24904166667
2065 5.78277777778
2066 6.77
2067 6.18
9781 6.19333333333
9782 5.49498809524
9783 5.86204166667
9784 5.83511544012
9785 6.72
9786 5.75977777778
9788 6.9787037037
9789 6.63733333333
3257 4.78666666667
7094 5.52
7092 5.15714285714
7093 6.36
5696 6.24820689655
8105 6.32682051282
8104 5.96139393939
1359 6.88083333333
8106 6.28904761905
8103 6.53333333334
1353 6.82166666667
1352 4.01125
1351 6.516
1350 6.00712333847
8109 5.9930952381
8108 6.98555555556
1354 6.25777777778
6958 5.93408333333
6959 5.91702083333
6488 6.80133333333
8215 5.17666666666
6950 6.01855424644
6951 6.25837704918
6952 6.02534863946
6481 6.24633333333
6954 6.30142676768
6487 6.52880952381
6956 6.07772345679
6485 5.93269230769
8214 6.04255555556
8361 5.37602756892
8360 6.09064495029
8363 6.4
8362 5.90500594177
8365 6.7
8364 6.73524242424
8367 6.55
8369 6.63125
8368 5.43957460317
8217 7.19
3184 6.11655555556
3185 5.90900721501
3186 5.90777777778
3180 6.65122222222
3181 5.83114285714
3182 6.62694444444
3183 5.41428571429
3189 7.52
4012 6.655
4011 7.3
5797 6.70222222222
3984 7.224
3980 5.7650952381
3981 5.67265151515
3982 6.54
5796 6.31666666667
2477 5.69
2479 4.0
7874 5.94980759981
7877 3.34
7870 5.99383985261
7871 6.38104761905
7872 6.29107407407
7873 5.81394751082
7878 5.52613846154
7879 6.69666666666
6309 5.60888888889
6308 7.3
6305 6.84
6304 5.12333333333
6307 5.42
6302 7.05
9319 6.43166666667
9318 6.39166666666
9317 5.49098503401
9644 7.38233333333
9315 6.91518518519
9314 5.12208333334
9313 6.68266666667
9312 5.94977777778
9643 5.81166666666
9642 7.38666666667
8956 6.60696969697
8957 5.94933333333
8954 3.66
8955 6.14495238095
8952 7.4
8953 6.3175
8950 6.35
8959 6.0321031746
1986 6.74892857143
3215 6.41111111111
3216 6.0689957265
3217 6.785
1983 6.14
3219 6.31347826087
2814 5.62666666667
2817 6.99791666667
2810 5.9
2813 6.11066666667
560 6.12166666666
561 6.72666666667
563 7.345
2819 6.55501041667
2818 5.84185568513
567 6.45
3379 6.2305
3378 6.6015
1186 6.03972222222
3376 4.93
5427 3.00666666667
1185 6.2
5420 6.37571428571
3371 4.52666666667
5422 6.905
8540 5.84238888889
4248 6.1052470659
4249 6.22296491228
4246 6.268243309
4247 6.09251803752
4244 6.50166666667
4245 6.48528071928
4242 6.50495833333
4243 5.77548958333
4241 6.31604476179
5520 6.60590462767
5523 6.24
5525 6.55081904762
48 7.01
49 6.22
46 6.23333333333
47 5.58992063492
43 6.32
6547 6.55676666667
6546 5.86347619048
6545 5.48301984127
6544 6.22629820937
6543 6.09285093168
6542 6.0700515873
6541 6.15838827839
6540 5.73616934801
6549 5.96998809524
6548 6.85120181406
3926 5.96333333333
7517 6.17666666666
7516 5.24
7510 7.47666666667
348 5.91885281385
349 6.35233333333
6150 6.30446557272
6151 6.0974452381
6152 5.7395508036
6153 6.1799
6154 6.11884815813
6155 6.30722222222
6156 5.9915
6157 6.04256581197
6158 6.03648220827
6159 6.08978515355
4526 6.42
4524 6.08377777778
4523 5.89965116279
4834 6.422
4836 5.7269047619
6586 6.64233333333
8208 6.03868589744
8209 5.65305555556
8206 5.96597402597
8207 6.19663918551
2266 7.03
2267 6.02
2265 6.40669387755
8757 5.6325
8202 4.61733333333
8233 6.456
8751 6.64333333334
8201 6.824
2046 6.40927777778
2047 6.15718831169
2044 6.46378565461
2045 5.7485
2042 5.75812160116
2040 6.55
2041 6.08
2048 6.71375
2049 5.71041666667
9410 2.08
9411 6.04333333334
9412 5.982
9418 6.57097258297
9419 6.03345290637
8230 5.19333333333
7078 6.37824085576
7079 6.46114846743
7074 6.20383951914
7075 6.05549019608
7076 6.3644047619
7077 5.94079563492
7070 5.74146825397
7071 6.2572
7072 6.3192134647
7073 5.6306875
6976 6.08785990116
6977 5.70610714286
6974 6.3276969697
8160 6.40333333333
6972 6.4034729064
6973 5.655
8165 5.37777777778
6971 6.08688861985
8169 6.28841397849
8168 6.58280952381
6978 6.22681316527
6979 6.23795238095
8389 6.39507404932
8388 6.37104761905
8387 5.823
8384 6.72666666667
8383 5.644
8382 6.8975
8381 6.84
8380 6.646
4389 6.056
4383 5.12888888889
4382 6.795
4381 6.4725
4380 6.10166666667
4387 6.67333333333
1371 7.0
1373 6.87
1375 5.20693333333
1374 6.822
1377 6.22
1376 6.10333333333
1379 7.02666666667
4030 6.00648095238
4033 6.1075
4032 6.42170634921
4035 6.01712820513
4034 5.81732098765
4037 6.12219191919
4036 6.27711111111
4039 6.66645833333
4038 6.02318119451
2458 3.67
2455 6.3802
2454 5.88435946574
2457 3.65
2456 5.90037037037
2451 6.26733333333
2450 5.62928571429
2453 6.73214285714
7852 6.42866666667
7853 6.21454924186
7850 5.97595918367
7851 5.97861363636
7856 5.9909825477
7857 5.8375
7854 6.24615895062
7855 6.16922222222
6369 6.53466982889
6368 6.06233229814
6363 6.20359964727
6362 5.76273317687
6361 5.88187029347
6360 6.08404952381
6367 5.93352071023
6366 6.15379017857
6365 5.97175817837
6364 6.02092024299
9335 5.69333333333
9334 6.28523809524
9336 4.59333333333
9293 5.88755555556
7335 5.1645
9623 3.86
9622 5.05083333333
9621 6.1
9620 6.67
3225 6.70333333333
3222 5.60888888889
3232 6.35854061625
3230 6.35283333333
3231 6.274
3236 6.30041666667
3234 6.17033333333
3235 5.35
1965 5.60666666666
3238 6.49
3239 6.452
5191 5.70476190476
5193 6.62185185185
5192 6.35
2870 6.84
2876 7.03
2875 5.53295238095
2879 6.05833333333
2878 6.9475
3355 6.22557777778
3354 5.70284761905
3357 6.38242424243
3356 6.28051428571
3351 4.795
3353 5.98733333333
3352 6.09180701754
3359 6.22
5449 6.26895952381
5448 6.20285483871
5443 6.3760058401
5442 6.48695238095
5441 6.07924369748
5440 5.9847244898
5447 6.46811074197
5446 6.22522171293
5445 6.27953359173
5444 6.67738095238
5500 6.88083333333
541 7.44
546 6.16
544 5.955
3320 6.522
6569 6.27593169793
6568 5.81877293844
3321 6.415
6565 5.86521665274
6564 6.13017191828
6567 5.831
6566 6.207246139
6561 5.8657744018
6560 6.15672278912
6563 5.93141214842
6562 5.85850198413
7687 6.31666666667
7686 6.51733333333
7685 6.62566666667
3323 6.3835070922
7683 6.12438888889
7680 5.88285714286
7689 5.90867226891
7688 6.05
3826 5.51257142857
3825 5.91264227642
3824 6.395
5470 6.04517070979
3829 6.29644345238
3828 5.41407717966
8444 6.07626984127
8445 6.04933333333
5000 6.06
8440 6.51500250627
8441 6.46554119419
8442 6.02540394089
8443 6.70444444445
8448 5.01333333333
7539 5.97456001984
7538 6.36425
7535 5.89145833333
7534 5.53
7537 5.46383333333
7536 6.893
7531 6.4786
7530 5.76555555556
7533 4.12333333334
7532 6.0
2766 5.69524089636
6178 6.33523384354
6179 5.59285714286
6176 5.97892364719
6177 5.90381455572
6174 5.96013201931
6175 6.05885896896
6172 5.83390079365
6173 5.96741488779
6170 6.07355989295
6171 6.0259547212
7900 6.575
7901 6.39833333333
2201 6.32
2207 5.03666666666
2208 7.88
2209 5.89
7906 6.58
9484 2.7
4839 6.17109090909
4838 5.66888888889
4529 7.66
4528 5.324
4831 6.227
4830 6.28921052632
4833 5.7215
4832 6.41781792717
4835 6.65290476191
4522 5.48971566598
4837 6.32948717949
4520 5.80666666667
7993 8.42
7992 6.48992424242
7990 6.6425
7996 7.32
7995 5.78
7994 5.92051530612
9436 6.415
5292 5.48
5290 6.865
5291 6.130125
8637 5.90781391941
8142 6.11422222222
8145 5.58433862434
6992 4.59833333333
8630 4.97
9292 4.472
7336 5.9835
9290 6.2375
7334 6.316
9296 5.705
9297 5.86798066424
9294 6.63666666667
9295 6.02561352657
9298 6.55222222222
9299 5.64926565986
7339 5.81415873016
7338 6.22565413534
7058 6.22888888889
7059 5.38928571429
7052 6.0759899093
7053 6.3512987013
7050 6.15565999278
7051 6.22300513921
7056 6.25741111111
7057 5.76714814815
7054 5.81668621399
7055 6.10428206045
8149 5.60978471653
8639 7.16
8638 5.5497437751
8141 5.22828571429
6995 6.6475
8634 5.2978125
8633 6.025
8632 7.18
8631 5.78
8146 5.79304761905
9487 6.19658974359
2990 6.33466666667
2991 6.05333333333
51 6.6186043956
50 6.31191666667
9998 6.69766666667
9991 6.06
9990 5.41
9993 7.17
9995 6.6935483871
9994 6.95777777778
9997 5.46833333333
9996 6.58808333333
1397 4.01
1396 6.31833333333
1395 6.29333333333
3451 6.47610955711
3456 5.91050793651
3457 6.19641845238
852 6.26318518518
853 6.36666666667
2336 7.0
6698 6.16179227053
6693 6.22058333333
6692 7.00666666667
6691 6.52597222222
6690 6.648
6697 6.2
6696 5.88570075758
6695 6.20330952381
6694 5.72
2439 6.12965714286
2438 6.51746031746
2433 6.115
2430 7.25
2437 5.45977777778
2436 6.53
2434 5.18666666667
7838 6.328
7830 3.79254166667
7831 6.67
7832 6.16666666667
7833 6.16557823129
7835 5.4716
7836 5.848
7837 5.37
6341 6.4272244898
6340 6.19
6343 5.54258412698
6342 6.32
6345 6.45767595819
6344 6.24955555556
6347 6.21070745429
6346 5.59982758621
6349 5.31
6348 6.08222164711
9353 6.75
9352 5.5688471178
9351 6.75166666667
9350 7.4
9357 7.16666666667
9355 6.48
9606 5.59642857143
9609 5.1
9608 6.02066666666
9359 6.95
9358 6.7651948052
3782 5.35047619048
3783 6.13
8998 6.259
8999 4.61
3784 6.1215
3785 5.89
8991 5.901202886
8996 6.4369047619
8997 6.19533333333
8994 7.08
4995 6.46333333334
4990 6.12577286191
4998 6.04666666667
4999 6.37713793103
1948 6.41
1949 5.72777777778
1942 5.95349206349
1943 7.26666666667
1940 6.3275
3253 5.84598455598
3254 6.71257936508
1947 6.56585
1944 6.24247058824
1945 6.09407054674
2859 5.035
2858 6.68
2851 5.87916666667
2850 6.61
2853 6.0558
2852 5.99555555556
2855 6.72331696429
2854 5.13733333334
2857 5.98249206349
2856 6.02160346147
5461 6.24799460101
5460 5.96443385236
5463 6.33675768849
5462 6.38729634002
5465 6.28269868637
5464 6.07599154476
5467 5.89138693957
5466 6.08018264757
5469 6.28521614583
1499 5.43251388889
3338 6.27
8286 6.72783333333
8287 5.34083333333
8284 6.17619791667
8285 5.96625
8282 6.38
8283 6.56666666667
8280 6.59391005291
8281 5.5945162037
8288 5.95033333333
8289 6.82533333333
6508 7.475
4679 6.68013888889
6503 6.31925925926
6500 6.18
6507 5.64566666667
6506 6.73944444444
4677 6.12833333333
4676 6.35
4674 5.81768888889
3800 6.68666883117
4672 5.77307692308
8462 6.57221428571
8460 6.65166666667
8461 6.0778125
8464 6.81
8469 5.87676686508
7559 5.67982131243
7558 6.09663996139
7553 6.03689417989
7552 6.33666666667
7551 6.31166666666
7550 6.14
7557 6.58
7556 6.02896931217
7555 6.24045410628
7554 5.91576082809
4174 6.26714285714
4175 5.82420429159
4176 6.78
4177 5.8033432759
4170 6.21924005772
4171 6.05852380952
4172 6.03135531136
4173 6.0229154519
4179 6.30576190476
7395 5.945
9271 6.48625
9272 6.37054545455
996 5.07988095238
7391 6.48725490196
7390 6.81222222222
1963 3.67
9277 5.558
2222 5.79333333333
5927 6.78
5922 5.92666666667
5923 7.78
5928 6.046
4509 6.985
2088 5.77666666666
2089 6.1015
2083 6.58266666667
2087 5.86916666667
2084 7.18
2085 6.56
7319 4.88988888889
7315 6.16
7314 6.19111111111
7317 6.43633333333
7316 6.2332962963
7030 6.12755185185
7031 5.86162539683
9016 6.02833333333
9017 5.9654978355
9011 6.39165873016
7036 7.035
9013 5.03
7039 6.04857142857
9018 5.075
9019 6.44059259259
7788 6.363
7789 4.88083333333
7786 6.805
7787 5.47666666667
7784 6.00980952381
7785 6.19333333333
7782 6.25074074074
7783 6.82
4349 5.86117692801
4348 6.37824561404
4347 6.05223809524
4346 6.26264705882
4345 6.17632671958
4344 6.22024029568
4343 6.44903555556
4342 6.13722222222
4341 5.69783660131
4340 6.09302005013
8611 5.11777777778
8610 5.19952380952
8612 6.24069047619
8619 6.82
8013 5.82520238095
5717 6.068
5716 6.4
5715 5.93333333333
5714 6.34361904762
9273 6.39877777778
7244 6.60541981291
5092 6.38410617284
9275 5.89533333333
7817 5.51333333333
7814 6.39333333333
7815 6.37
7812 6.30766666667
7813 6.37
7810 5.40861111111
7811 5.23257575758
7818 7.0
7819 5.86116246499
9379 6.56551851852
9378 6.8675
9371 6.4687202381
9370 6.08748148148
9373 6.77016666667
9372 6.48835294118
9377 6.24100945858
9376 6.76061904762
2147 6.49953968254
2146 6.15104401154
2145 6.13073553029
2144 6.23335049067
2143 6.26228571429
4979 5.956
4974 5.83291697192
4975 5.81988248658
4976 5.85455408163
4977 6.4114500768
4970 5.93972197071
4971 6.12467647059
2149 6.20333333334
2148 6.10066666667
3277 5.34761904762
3270 4.46
3271 4.684
3278 6.1325
3279 6.3975
5489 5.61584821429
5488 6.07255555556
5486 4.54
3313 6.79714285715
5484 6.12
5483 5.515
5482 6.09777777778
5481 6.34188095238
3316 6.25093374741
64 6.32175
65 5.24222222222
636 6.28
639 7.29666666667
8268 6.62
8269 6.0758452381
8264 7.00466666666
8260 5.87158730159
8261 5.07928571428
8262 5.56561904762
8263 6.65833333333
3869 5.94262068966
3868 6.31484883721
3863 6.30896682099
3862 6.0988040959
3861 6.23582017544
3860 6.34024747475
3867 5.85579365079
3866 6.12861904762
3865 6.34365922619
3864 6.41589722222
8408 4.92724888889
8409 6.25666666666
8401 7.22166666667
8402 6.04886111111
8403 6.1685
8404 5.59707467532
8405 6.258
8406 5.6525
8407 5.61604332904
7571 6.64875
7570 6.10647354497
7573 6.91
7572 5.9893030303
7575 6.68
9819 5.52666666667
7577 6.12308333333
7576 6.32
7579 6.07191666667
7578 6.39113888889
1199 6.09666666667
4152 5.9675691212
4153 6.11692656985
4150 6.38750555556
4151 6.04526734274
4156 6.1278728284
4157 5.81146032145
4154 5.93250315657
4155 5.96564072495
4158 6.38066335142
4159 6.2410982906
5900 6.05479166667
5901 6.80833333333
5904 5.96771084765
5905 7.14
3488 6.68766666666
8744 5.44928508772
3481 5.69777777778
3480 6.14543981481
3483 6.54833333333
3482 6.09403333333
3485 5.37571428571
3484 5.55875
3487 3.41
3486 5.51916666667
4563 5.93975930736
4562 6.1817005543
4561 5.87777259259
4560 6.05480803571
4567 6.51407407407
4566 6.27996157569
4565 6.137945
4564 6.18709041579
4569 6.19561647362
4568 6.05208670635
9607 6.44
9354 5.37494444444
6064 6.09973988673
6065 6.19289262839
6066 5.88382522217
6067 6.14304743546
6060 6.55694490162
6061 6.35171414141
6062 6.07352227343
6063 6.01698345855
6068 6.23544222077
6069 6.16778979857
2609 6.564
1190 6.18
7379 6.18452779974
7378 6.54810493827
7373 6.355
7372 5.75924393531
7371 5.62759202059
7370 6.00645833333
7377 4.41
7375 5.435
7374 6.54713605442
9032 5.73763287982
9033 5.24
9030 5.06
9036 5.80790346992
9037 5.35287878788
9034 6.884
9035 5.45833333333
9038 6.1866969697
732 6.29096415839
753 5.21866666667
752 5.20711111111
750 6.02
757 5.675
755 7.23666666667
754 6.049
3322 5.65494047619
3781 6.54
2959 7.06
2955 6.39142857143
2956 6.1838953202
2957 6.65979166667
2950 6.34936666667
2951 6.79362393162
2952 6.63395089286
2953 7.11333333333
5344 6.25997996795
5345 5.68770128824
5346 6.04416666667
5347 5.95541062802
5340 6.26530549645
5341 6.05221388302
5342 5.96973534911
5343 6.60466666667
5348 6.13802434577
5349 6.19563455574
1197 6.2
4365 6.28427813688
4364 6.00686682934
4367 6.1308328841
4366 6.32677219173
4361 6.33388685557
4360 6.19890117009
4363 6.08863115693
4362 6.36074923004
4369 6.71926315789
4368 6.02595093985
3100 6.83542857143
3102 2.64
8673 6.29901169591
8672 6.02383333333
8671 5.98432194617
8670 6.17121507937
8677 6.4325
8676 6.14432108844
8675 6.17727272727
8674 6.39996296296
4093 6.507
4092 7.2
5735 6.90566666667
5734 6.07
5737 5.96163492064
5736 5.7777037037
5731 5.95361855396
5730 6.0766
5733 4.45
5732 6.6545
5739 5.96274509804
5738 6.22428505872
8097 6.67333333333
8096 6.93238095238
8094 7.0575
8093 6.48033333333
8092 6.75458333333
8091 6.25633333333
8090 5.39903030303
8098 5.75428571429
6659 5.95074209086
6658 5.96545414944
6657 6.04822685185
6656 6.57059943978
6655 6.42344973545
6654 6.03090220623
6653 6.34074509804
6652 5.74047811752
6651 5.96333333333
6650 6.21983333333
6385 5.75835555556
6384 6.35572916667
6387 7.23
6386 6.61742857143
6381 5.54775
6380 6.50031746032
6382 5.50571428571
2383 5.73083333333
2385 6.11972820513
2384 5.75844444444
2387 6.38192028985
2386 6.27257142857
2389 6.59033333333
2388 5.55
7301 5.98666666667
1849 5.41529478458
1848 5.21261111111
1843 6.09748809524
1842 5.843
1847 6.02130952381
1846 6.01971428571
1845 6.39066666667
1844 5.73058422939
3250 6.50547619048
4958 6.1658343071
4959 5.97728088098
3251 6.17429292929
2165 6.76955952381
4953 6.12857109323
4950 6.03125353393
4951 5.83876698828
4956 6.14715138889
4957 6.14047575939
4954 6.20845464025
4955 6.03051946704
1941 4.95
1946 6.11359391534
3255 5.66733333333
3298 6.8450070028
3256 6.33317886179
5139 6.16285714286
5138 6.19333333333
5137 6.57
3295 6.55992698413
5135 7.16
5134 5.96853333333
5133 5.63166666667
5130 4.705
6892 6.01410714286
6895 6.34
6894 6.99083333333
6896 4.05333333333
1278 6.76222222222
1279 4.86
1274 6.82
1277 6.72875
8798 6.12
8248 4.7
8249 6.75333333333
8242 5.95821561772
8243 6.12480705961
8240 6.44094897959
8241 6.16838435374
8246 6.02761904762
8247 7.12
8244 6.36654761905
8245 6.19419047619
3333 5.710375
3332 5.92
3331 6.59311111111
3330 4.91416666667
1494 5.89888888889
3336 6.855
8425 6.2925
1496 6.14727272727
3334 6.259776921
5468 6.11409594971
3595 5.53333333333
7599 6.80666666667
7597 6.07777056277
7596 6.524
7595 6.8
7594 6.08333333333
7593 5.71732142857
7592 6.17453854875
7591 5.90866666667
9835 6.18
5034 6.32191190476
4138 6.07145742733
4139 6.02333333333
4130 6.345
4131 5.60555555556
4132 6.34
4134 4.93511111111
4135 6.50038492064
4136 6.6108974359
3841 6.65835152546
5693 5.82895833333
3843 5.85004939494
3845 6.21979824561
5697 5.32
3847 6.08997372742
3846 6.37546428571
3849 6.15573188406
3848 6.28916927147
5698 7.11847222222
5699 6.45333333333
7910 5.79969905095
5968 6.51079769654
5969 5.99407346731
5960 6.32311612758
5961 6.32984377611
5962 6.26482266543
5963 6.07223573246
5964 6.18780728347
5965 6.28551047009
5966 6.11848819476
5967 5.8814467952
4549 6.40913838687
4548 6.01217930629
4541 1.78
4540 5.66
4543 6.00338930635
4542 6.22093778042
4545 6.17586666667
4544 5.97822724123
4547 6.3780887518
4546 6.17364912281
5370 6.1550845218
2595 6.42
2596 4.606
2591 6.25
5436 5.89999230313
6042 5.43881313131
6987 5.49113333333
6040 5.82916666667
6041 5.21966666667
6046 6.54575730994
6047 6.47028571429
6044 5.95533333333
6045 6.17472222222
5372 6.21504761905
6048 6.3002962963
6049 6.03214397948
8601 6.29
2626 6.59
6983 6.100625
2628 5.77651515151
2629 6.72766666667
8607 5.75333333333
7351 6.29333333333
7350 5.4112962963
7353 5.77043137255
9581 6.03233333333
7355 6.25678333333
9587 6.95333333333
7357 5.98666666667
9585 6.0625
9234 6.24833333333
7358 5.79081349206
9588 6.648
9237 7.34
9058 5.08866666667
9050 5.77633333333
9051 6.4475
9052 6.6415
9053 6.45
9054 6.16866071429
9055 6.14277777778
9056 5.78532121212
9057 6.55202380952
74 6.19
73 6.96666666667
72 6.29
71 6.44671090448
70 6.17583333333
2973 3.10666666667
2976 6.819
2977 7.36
5362 6.43679631405
5363 6.1242598072
5360 6.18173081895
5361 6.43238771505
1047 5.67190476191
5367 6.2178034188
1045 5.42
5365 6.21529318394
5368 6.04755476879
1048 6.21523809524
1506 4.22
4308 5.136
3122 5.292
3123 6.13937037037
3120 4.96583333333
3121 6.65
3124 6.82
8659 6.40833333333
8658 6.45041666666
8650 5.72916666667
8653 5.11333333333
8652 6.02322863556
8655 6.01731884058
8654 6.00830576441
8656 5.51683333333
5753 6.38305063585
5752 6.37305841924
5751 6.20179497354
5750 6.39230935731
5757 6.32485275689
5756 6.40286496584
5755 6.25431408255
5754 6.1347001287
5759 6.15955075586
5758 6.31570460624
861 6.12
3444 5.57
7434 6.53791666667
7435 6.1788015873
7436 6.43299214531
7437 6.29472222222
7430 7.0075
7431 6.85666666667
7433 5.499
7438 6.18551587302
7439 6.90583333333
6675 5.85519516981
6674 6.26110744811
6677 6.05715909091
6676 6.20788373016
6671 5.71187454212
6670 6.00655023138
6673 6.35219185645
6672 6.0797703533
6679 6.32096969697
6678 6.71110416667
2366 6.01
2364 7.44
1861 3.28
1862 5.88285714286
3728 5.92205612245
3729 5.4425
1867 6.17266666667
3725 6.21888888889
3726 6.31833333333
4931 5.29333333333
4932 6.2943829932
4685 6.62
4682 5.936
4935 5.99939153439
4680 6.5
4937 5.54666666667
4938 6.31111111111
4939 6.05445833333
4688 6.77
4689 6.0225
890 4.93386666667
891 6.558
892 6.445
893 3.03
897 6.67111111111
1788 6.18
1780 6.60533333333
1783 6.54
1784 6.31416666667
1785 6.97
1786 5.73291959064
6879 6.02
6878 6.10295238095
6877 6.12601085062
6876 6.51921381886
6875 5.75494341497
6874 6.23939393939
6873 6.18634920635
6872 6.15494573643
6871 6.07460766046
6870 6.33978479853
8220 7.04333333334
8221 5.99166666667
8222 5.61494276094
8227 5.37070238095
673 7.58
7607 4.89
7606 6.2389569161
7605 5.60666666667
7602 7.28
7601 7.17
7600 6.2
2495 6.36
9850 5.74220833333
9851 5.17458333333
9852 5.58
9854 6.33404545455
9855 6.61166666667
9856 6.918
9858 3.86
9859 6.63111111111
9178 6.92238095238
1256 4.26
1254 6.618125
1255 6.59277777778
1252 6.705
1253 7.33
1250 5.93570386905
1251 6.45642857143
1054 6.11
4110 5.73
7103 4.70833333334
3340 6.7175
9260 6.25733333333
5946 6.24667824074
5947 6.20576388889
5944 6.35932569077
5945 6.42425925926
5942 6.585
5943 7.11333333333
5941 5.78
5948 6.13767095238
5949 6.39958465608
6020 6.81
6023 6.82
6024 6.375
6025 7.76
6027 6.8
2648 6.39766398681
2649 6.13176055959
2640 5.16083333333
2641 6.52411666667
2642 6.22666666667
2647 5.99160714286
9218 6.2597324263
9219 6.04373333333
9212 5.92989838865
9213 6.385
9211 4.63
9216 6.74473333333
9214 6.70761904762
9215 6.24
6955 6.39953174603
9076 5.79142380952
9077 6.7875
9074 6.24232098765
9075 6.23156972789
9072 6.13111111111
9073 6.245
9070 6.50520833333
9071 5.9775
9078 6.13
3557 6.09868980234
3556 5.91880929152
3555 5.96957142857
3554 6.1568707483
3553 6.63347058824
3552 6.21904545455
3551 5.73416428571
3550 4.58833333334
3559 4.362
3558 6.26119389439
2910 5.0175
2914 7.18625
2915 5.32857142857
2919 6.14
5308 5.13
1068 6.45470588235
5302 6.49333333333
1067 6.09166666667
5307 6.572
4328 6.00888888889
4320 6.995
4324 6.43333333333
4327 4.92666666666
4326 5.52
3141 6.005
3148 6.22
3149 6.36111111111
5779 5.79552375589
5778 5.88066931217
5771 5.90026325905
5770 5.85785229504
5773 5.68102056277
5772 5.97677098321
5775 6.17064973545
5774 6.09847932331
5777 5.69216666667
5776 6.37193939394
7412 5.64285714286
7417 6.11857142857
7414 6.38
7418 7.24
6619 6.317
6618 7.4
2345 6.27166666667
2344 6.83166666666
2347 5.72165966387
2346 6.17634234234
2341 6.5653030303
2340 6.73497435897
2342 5.99776666667
2349 6.74575
2348 6.34963636364
1886 6.412
3700 6.51
1884 6.64551851852
1883 6.60833333334
1882 5.972
1881 5.172
1880 5.82533333333
4668 6.04704269753
4669 6.08692964882
4918 6.53333333334
4919 5.512
4664 6.19033282675
4665 6.08316764654
4666 5.64648275862
4667 5.91248558897
4660 5.96944436346
4661 5.62913128867
4662 6.41522392759
4911 6.18
5173 6.61893901846
5172 5.90020476191
5171 6.47171708683
5170 6.11290896359
5177 2.85
5176 6.14
5175 6.14908333333
5174 6.31738208617
132 6.945
9688 5.95711111111
9681 7.21083333333
9683 6.57666666666
9682 6.635
9685 6.9680952381
9684 6.75333333334
9687 6.81
9686 6.62518518519
7005 6.78555555555
7254 5.79792328042
7255 6.01808390023
7256 6.34666666667
7257 6.44
7250 6.76333333333
7251 5.67125
7258 6.41371957672
7259 5.79501960784
6855 6.37278703704
6854 6.04046296296
6857 6.13294212963
6856 6.31993924466
6851 6.28872864476
6850 5.90152128427
6853 5.58964197531
6852 6.34844078144
6859 6.02421164021
6858 5.8511603722
8800 6.86
8801 5.46491666667
8802 6.88
8803 6.49
8808 6.03636363636
6582 7.04
6581 6.00166666667
8758 6.58308974359
8759 5.77710865191
6585 5.94325584416
6584 5.22
8754 6.09236250838
8755 6.26072222222
8756 6.14444444445
8205 5.71966666667
8750 6.47958333334
8203 6.09
8752 5.20333333334
8753 6.315
7625 6.439012354
7624 6.40347690334
7627 5.42666666667
7626 6.3442631579
7621 5.30166666666
7620 6.0175
7623 6.33103280423
7622 6.11316666667
7629 6.31171428572
7628 6.81869047619
9878 6.40611111111
9877 5.392
9874 6.24333333334
9875 5.5662
9870 6.00909090909
9871 6.23
656 6.87
655 6.56
3089 6.422
3088 6.71375
650 7.49333333333
3085 6.0182345679
3084 6.01611111111
3087 5.54
3086 5.9768
3081 6.24013702624
3080 6.06944444444
3083 6.38242857143
3082 5.71916666667
3369 6.25825480368
3881 6.54071428572
3880 3.845
3882 6.68
3960 6.25949938157
6006 5.346
6004 5.60292857143
6005 7.92
6002 5.92504545454
6003 7.32
6000 7.01791666667
6001 6.26388888889
995 2.22
994 6.049
7397 6.82
7396 4.51733333333
9274 7.345
990 4.14
9276 6.20797619048
7392 6.56803030303
9278 6.56844444444
9279 5.9614
9098 7.1
9099 5.91741666667
9094 6.27673180077
9095 5.76968748833
9096 5.41555555556
9097 6.438125
9091 5.53402380952
9093 6.55888888889
5098 6.64666666667
3579 5.881
3578 6.24981818182
3575 6.01666666667
3574 6.4175
3577 6.2197287415
3576 5.89825757576
3571 6.42964539007
3570 6.03853333333
3573 6.41833333333
3572 6.6044
2665 7.13222222222
4490 6.51
2937 4.215
2934 5.41078333333
2935 7.02
2932 7.22034482759
2933 5.92035714286
2931 6.0
5326 6.78111111111
5327 6.23908547009
5325 5.37333333333
5323 3.27
1745 7.22
3164 6.48564814815
3165 5.67333333333
3163 6.24
4981 5.91
2155 5.8335
4983 6.56
733 6.28801234568
2157 6.395
739 5.22
2152 6.764
4986 5.56166666667
8567 6.6375
8565 3.86
8564 6.28666666667
8563 6.705
8562 6.34074074074
8561 6.23221284271
8560 5.82085714286
8569 6.18210727969
8568 6.32
7479 6.97714285714
7470 6.04625
7471 5.5996435247
7472 5.61415571136
7473 6.41902380952
7474 6.89166666667
7476 6.47966666667
7477 6.243
6639 6.35934
6638 6.18433333333
6631 5.76333333333
6630 6.62833333333
6633 6.20007373737
6632 5.6975
6635 6.69840740741
6634 5.98277030812
6637 6.11922222222
6636 6.4952832244
3760 6.5775
3761 6.22546536797
3762 6.06948143881
3763 6.02578047957
3764 6.0375
3765 5.92696244677
3766 6.28983046107
3767 5.79286813187
3768 6.04288441832
3769 6.42212111801
1561 6.517
4648 6.23078690476
4649 6.46969223986
4642 6.46782608696
4643 6.42543137255
4640 5.81503809524
4641 5.77916666667
4646 5.99539054585
4647 6.26606950283
4644 6.75663095238
4645 6.29270833333
7898 6.22
7899 5.80966666667
7897 6.38146666667
7894 5.80782222222
7895 5.688
7892 5.57333333333
7893 7.235
7890 5.51772727273
7891 5.48404761905
5159 6.22307306676
5158 6.12158482243
5151 6.16459772423
5150 6.25346829932
5153 6.11901123218
5152 6.10858376068
5155 6.30351828081
5154 6.36358933839
5157 5.94504734537
5156 6.04036849826
115 6.14
114 6.47962026862
113 6.17
7272 5.97673207885
7273 6.31188208617
7270 6.69333333333
7271 5.78402698413
7277 5.645
7274 5.9325170068
7278 5.84
7279 6.559748002
8556 6.00152380952
8557 3.85583333333
6833 6.27102564103
6832 6.086
6831 6.088
6830 5.94838095238
6837 5.92207407407
6835 6.30777777778
6834 6.36571428571
6839 6.46491111111
6838 5.82885380101
8558 6.60505555556
8559 6.64047619048
8822 4.889
8823 6.95904761905
8820 6.56571428571
8821 6.11
8824 6.5968
8825 6.03560533911
8778 5.29
8772 6.11340623163
8773 6.3155422427
8770 6.80571428571
8771 5.19
8776 6.1901329849
8777 5.92888888889
8774 5.93583333333
8775 6.29661111111
7643 6.35265714286
7642 6.53888888889
7641 6.24135185185
7640 6.29302777778
7646 6.385
7645 5.40789473684
7644 5.81395343915
7648 6.43
9015 6.08
1748 6.6125
1749 6.13252136752
1744 6.27895074224
1487 4.99
1746 6.43502380952
1747 6.31626666667
1743 6.4611957672
7292 6.93571428572
7293 6.88
9137 6.16825
5496 5.62628571429
7920 6.665
7921 4.94444444445
1568 4.96235714286
1569 5.82
1298 5.67
1299 5.75255681818
3300 6.14
1292 6.33666666667
1293 6.81166666667
1562 5.89666666667
1291 6.97
1296 5.56
1297 6.29443333333
1566 6.8
1567 6.81883333333
5638 5.19106666667
5639 4.91
5634 5.48987415825
5635 6.38078571429
5636 5.62291666667
5637 6.29138888889
5630 5.96075036075
5631 5.85547458995
5632 5.88485932276
5633 5.7880037253
8480 7.595
8485 5.58
8487 3.74
8488 6.34666666667
8489 7.16
